Type,SubType,SBS1,SBS5,SBS9,SBS17a,SBS17b,SBS34,SBS40
C>A,ACA,0.000876022860356,0.0120520481367051,0.0005606389669692,0.0020727991863288,0.0006077687651413,0.0049145184996656,0.0283232393641942
C>A,ACC,0.0022201195808426,0.0093370870645324,0.0040469905620751,0.0009052934284552,0.0001269943239247,0.0069170522330752,0.0132543494116393
C>A,ACG,0.0001797272056798,0.0019081397471904,0.000439559345708,4.8949997609377e-05,5.97470711001325e-05,5.38907459139644e-05,0.0030118650156396
C>A,ACT,0.0012650526378418,0.0066358716950336,0.0030631328272361,6.18574864123409e-05,0.0004556344460956,0.0012407207163642,0.0148584134555463
C>A,CCA,0.0003050262463851,0.0073785211091403,0.0047686035430926,0.0002920853661324,0.0002678582253313,0.0019457521684884,0.0206565623425018
C>A,CCC,0.0017382587247194,0.0060565827041286,0.001894654296248,0.0011408394814675,4.03511845744975e-05,3.63745598249066e-05,0.0145007617938357
C>A,CCG,9.1954482046499e-05,0.0034676158777784,0.0013735514150385,2.21827370404397e-16,2.22441048268914e-16,0.0003000844901992,0.0025456740967978
C>A,CCT,2.18022097545941e-16,0.0064452273492912,0.0030400759969161,0.000135650495389,0.0001798954248562,0.0006186679747648,0.0145990663384395
C>A,GCA,0.001556269598965,0.0102053008592886,0.0077270266578546,0.001775631805374,0.0009938283195785,0.0028249083486286,0.0142078442607686
C>A,GCC,0.0003293191711604,0.0075487778450711,0.0065941852159939,0.0012593094186941,2.73033031616265e-06,0.0004640165427555,0.0100653662901851
C>A,GCG,0.0005827681229553,0.0023597795773914,0.0001725127350589,0.0001065782827994,9.27433412219657e-05,0.0002300137716905,0.0025716387668869
C>A,GCT,2.1854273864506799e-16,0.0067891247147985,0.0085245732337013,4.66481626198111e-05,0.0005290854944384,1.35031652312539e-05,0.0107514581868817
C>A,TCA,6.50649755028101e-05,0.0078948124438418,0.0170819584732253,0.0001902743050322,1.23964160038532e-05,0.0043094271893166,0.026116009727491
C>A,TCC,0.0024971802742116,0.0091938328585116,0.0024673561660583,2.5890134404874e-05,2.22529359255909e-16,0.0012290215573058,0.0210552676268202
C>A,TCG,2.23914876101514e-16,0.0023458693144049,0.0004540518597208,2.2575440092516e-16,9.65409751521734e-05,2.27510452542272e-16,0.0032333256192406
C>A,TCT,5.83920556565815e-06,0.012810853164459,0.0275490386880618,0.0002896503734012,0.0025802550798014,3.24337161985214e-05,0.0243111541920133
C>G,ACA,0.0018390547632757,0.0101438071817268,0.0048628899643931,0.0010113657865662,0.0001459444732082,0.0007689657282844,0.0122533163206797
C>G,ACC,0.0011879587230825,0.005637859774135,0.001939389120212,0.0005611241402952,4.27252221576393e-05,0.0011230271585308,0.0085856532009723
C>G,ACG,0.0001167719132947,0.0017740542514419,0.0014032880520258,0.0001563109167358,2.28927781019408e-16,2.30072030632694e-16,0.0023207863990373
C>G,ACT,0.0011266875055778,0.0101395316368895,0.0064376004664208,1.96182319366001e-05,0.0003187442725976,0.0020476935400157,0.0146576240845255
C>G,CCA,2.35613222368039e-05,0.0069117775127344,0.0008871589508295,0.0005475362965126,0.0001917509066947,0.000118740773359,0.0075078659283324
C>G,CCC,7.45800391388028e-05,0.0089467760792259,0.0015196706334489,0.0002311183432283,4.57509781306954e-05,0.000116953625595,0.0092232736579839
C>G,CCG,0.000347295897858,0.0024954807906555,0.000438132823629,0.0002318195942964,2.22441048268914e-16,0.0001913290373753,0.0016837529459135
C>G,CCT,2.18022097545941e-16,0.0094642552602073,0.0030102713302797,3.86158344538264e-05,0.0001907682252596,7.34418757140216e-05,0.0138045593268237
C>G,GCA,9.44596547726241e-06,0.0046824321589677,0.0013612378568241,0.0008758453511901,5.96496155738999e-05,3.35772024356573e-05,0.0050627952084147
C>G,GCC,0.0001593166491749,0.0050127831964655,0.0027936443355184,0.0008215026286012,5.45083930025277e-05,0.0001913572494697,0.0052991193115974
C>G,GCG,0.0001648032511253,0.0015227637443851,0.0005256089764075,2.38292953051562e-05,2.2382862654219e-16,2.24947389054205e-16,0.0012000980912138
C>G,GCT,2.1854273864506799e-16,0.0066895774315903,0.0085345318472921,0.0007811085953572,2.20947687752404e-16,2.69063070163503e-05,0.0069486276059661
C>G,TCA,2.20508959530801e-16,0.0078445909906367,0.0027029687231162,0.0037554139151107,0.0001599537548884,6.23706323887046e-07,0.0125557739074476
C>G,TCC,0.0002003666386027,0.0076197524236301,0.0020059806228116,0.0007227246013406,6.16695713094851e-05,0.0001410352606744,0.0141371082637222
C>G,TCG,6.96847192889911e-05,0.0017441028381011,0.000412217868151,0.000386426452034,1.57348592519315e-05,2.27510452542272e-16,0.0017747591727062
C>G,TCT,0.0015491769868072,0.0126091074453337,0.0056813585279775,0.0002846217210852,0.001505985455137,0.0021791403070881,0.023907649558121
C>T,ACA,0.0247184780010176,0.0327413974380489,0.0081383075850382,0.0012216497619909,0.0005707828369994,0.0035521776424688,0.0197860927473272
C>T,ACC,0.0061540156802306,0.017704857887196,0.0053630046079333,0.0016863308961421,6.92069842783882e-05,0.0036871068656191,0.0119684796925997
C>T,ACG,0.370623898718264,0.0063742181825064,0.0045194129910831,4.06202711254285e-05,0.00029462902759,0.0001222905388047,0.0002753999860191
C>T,ACT,0.0094681283363473,0.0220861085159969,0.0065179449340205,0.0007376855580241,0.000146882156965,0.0039037310344141,0.0169667018512658
C>T,CCA,0.001955296451187,0.0192655867452654,0.007192643677498,0.0008128884257448,0.0004517018781417,0.0047396527181127,0.0194648375919729
C>T,CCC,0.0002621954500973,0.0187418683026783,0.0086443602266315,0.001691589575969,5.78268800836471e-05,0.0005094420640327,0.0170655223832216
C>T,CCG,0.193380670398217,0.0175385196130411,0.0065268757021173,0.001898522539497,0.0005416389650673,0.0095161021220917,0.00236527199545
C>T,CCT,0.0001916248032242,0.0229406397178162,0.0110277266554802,0.0017228603064014,0.000134427350442,3.52241604987088e-05,0.0214516893136254
C>T,GCA,0.0043733145692434,0.0194100820264901,0.006986353118112,0.0016359753712435,6.08445995252969e-05,0.0002342361726798,0.0143078995020416
C>T,GCC,9.01499088014549e-05,0.0213141962684361,0.0064461121946767,2.18411477304757e-16,0.0001541949135386,2.20110411307129e-16,0.0114468871535438
C>T,GCG,0.21642836593573,0.0124039695734681,0.0048021088823414,0.0016187833519536,0.0008581770210474,0.0169217180054289,3.96334915837865e-18
C>T,GCT,3.76324715873121e-05,0.0185157946767233,0.0106557165421268,6.55059304873943e-05,2.20947687752404e-16,0.0005171212166339,0.0126429184234627
C>T,TCA,0.0010976006505793,0.020389910001271,0.0042905860400395,0.0005327680540903,0.0001079687845496,0.0018771743728639,0.0301338573778742
C>T,TCC,3.68161360585349e-05,0.0230597770715122,0.0073519189826047,9.05654894626097e-05,0.0006027252600473,0.0002911370738208,0.0231607943895023
C>T,TCG,0.110451284175635,0.0162170965647997,0.0033263125004266,0.0001799933737106,6.33454978916468e-05,0.0003074465574895,0.0021623502564006
C>T,TCT,2.21452864139757e-16,0.0211833005081606,0.0055098077376123,0.0003499942011932,0.0008985713215651,0.0008189513340126,0.0225962594979708
T>A,ATA,0.0007838116361056,0.0073447323677759,0.0126442421336871,0.0010021858342131,6.20082011390075e-05,0.102998106226864,0.0060710477859899
T>A,ATC,0.0022013141527095,0.0069487756678974,0.0028287439259023,0.0009967299022831,0.0002884218016368,0.0447332475439112,0.004452175029846
T>A,ATG,0.0011172805613995,0.0090792531182797,0.0027487411052423,0.0001985146460198,6.50992283961348e-05,0.0346101742456373,0.0068992633550206
T>A,ATT,0.0001794555995988,0.0061758324911872,0.0188336758793869,0.0014499864598697,0.0006275707800384,0.316273862587975,0.0106586401223788
T>A,CTA,4.22647255611115e-05,0.00353435975793,0.0047842346762476,0.0004320206377319,9.30119022122193e-05,0.0237754222720999,0.0010882989054743
T>A,CTC,0.0003874488092359,0.0051974106489679,0.0031356925996017,0.0404372832153514,0.0022326614735878,0.0004115431558001,0.0076311299324052
T>A,CTG,0.0003184653895818,0.0050021055347713,0.0053037020073631,0.0123436637303955,0.0007125075423652,0.0011737440063659,0.0034546609105103
T>A,CTT,0.0002572261132853,0.0043212367122292,0.0044636696035004,0.0724411225100272,0.0077917004011847,0.0002706118417177,0.0093261367769659
T>A,GTA,7.93494637353411e-05,0.0036429392165858,0.0026314868498879,6.3933083528665e-05,9.61288810108498e-05,0.0189501155790398,0.0026305462229046
T>A,GTC,0.0001263460234048,0.0028950945393602,0.0021099642239112,0.0033725310028563,0.0003436010022277,0.0024191206496691,0.0034125426195608
T>A,GTG,0.0002429326879931,0.0041227838324237,0.0007907595203785,0.0006950896462179,0.0002406140432027,0.0065816430520036,0.0044238616305568
T>A,GTT,0.000257267500406,0.0032615120442166,0.0025940153977976,0.0048474308761168,0.001592851863081,0.0076126719314436,0.0058445776219248
T>A,TTA,0.0065253612191273,0.0062238990185383,0.0256552349256455,0.0001170273611756,0.0011682487520766,0.269571815761301,0.0070329399797637
T>A,TTC,2.2345869461643293e-16,0.0042139621402378,0.0018837856580884,0.0057845877889088,0.0002451663380499,2.27046945793998e-16,0.0104843549534643
T>A,TTG,2.77413168349881e-05,0.00482061500777,0.0168132966507811,0.0018362224687695,2.23371100591355e-16,0.0078570651688073,0.0050522502610653
T>A,TTT,0.0022210052980166,0.0087735028880772,0.0170523155725394,0.0019794176256307,0.001307348737864,0.0463441801276758,0.0210570955526898
T>C,ATA,0.0010679433541939,0.0459792188877034,0.0202108752215629,9.57533990114525e-05,9.63801592783616e-05,0.004619915056001,0.018611244852133
T>C,ATC,0.0030008946297027,0.0134363050432649,0.0105325571709128,0.0126965594373085,0.0002514958270328,0.0012392318576353,0.0073601271889797
T>C,ATG,0.0001038874907967,0.0380293277541979,0.0142416658713643,0.0003732075345173,2.2096085132934599e-16,1.95057340401713e-05,0.0154312528142597
T>C,ATT,0.0056288259109135,0.0381507071633021,0.0288982328308053,0.0077365715906746,0.0005393341300804,0.002342027969797,0.0193250110630045
T>C,CTA,2.1918683256111399e-16,0.0132788092600195,0.0136835104518984,0.0110493757576617,0.0006429348368729,0.000595890330364,0.0108829890547439
T>C,CTC,0.0024646870816536,0.0104148498553501,0.0153278264453376,0.172732098672983,0.0064388362140079,4.06512065875969e-05,0.0098844163297689
T>C,CTG,0.0003538504328686,0.0207672245754977,0.0153817346352905,0.0869033744889941,0.0038954387253444,0.0008135952044126,0.0104837975607973
T>C,CTT,4.21455093306053e-05,0.0149735876772596,0.0330753896295419,0.426831510225056,0.018303994523964,0.0016054956281014,0.0136676142421052
T>C,GTA,0.0010260706517501,0.0139960335024143,0.0094534923814843,0.0001217301745205,5.878384810016e-05,0.0001087138209534,0.0059658803017572
T>C,GTC,0.0018609104222414,0.0078993301177047,0.0097337028820054,0.0147796211595762,0.0014853069260565,0.0006457652643331,0.0045566895619792
T>C,GTG,0.0011554115648454,0.0150466563227142,0.0063320971746047,0.0035704604848893,0.0010083825047086,0.0004434797768578,0.0056677592318925
T>C,GTT,7.10975689106585e-05,0.0138766195670087,0.00999101243058,0.0052917787064275,0.0014819571131196,2.25937589409157e-16,0.0074044822211908
T>C,TTA,0.0002476141534043,0.017754387057637,0.0138143572676553,0.002055354494598,0.0010406249388246,0.001387501992889,0.0100611483581473
T>C,TTC,0.0033969729809403,0.0098834715897849,0.0138483702432448,0.0155270514333869,0.0011143924456817,0.0063818600979934,0.0076851339707433
T>C,TTG,0.0004121567072626,0.0127811713149645,0.0093731611867527,0.0023579906019718,0.0012120135951369,0.0011123258282738,0.0060486103723113
T>C,TTT,0.0042742013068497,0.0185496918205062,0.0385181716462065,0.0209938233021443,0.0009979761357741,0.0071329738109553,0.0102277321255922
T>G,ATA,0.0001685195017627,0.0038415537858557,0.0449019937188417,0.0008444159850647,0.0013966703451437,0.0028199481510655,0.0071956845070011
T>G,ATC,0.0002043372330093,0.002607044262126,0.0069514877328024,0.0006998103626862,0.0044710369250284,0.0004654675757947,0.0070693319730663
T>G,ATG,0.0002626589389956,0.0079045251928882,0.0053082572793267,0.0007136601524414,0.000980947277202,0.0001970579285083,0.008024251463415
T>G,ATT,0.0001098307494812,0.0048111727310378,0.0238161298157326,0.0124142676358707,0.0685073315966184,0.0011509966518233,0.0179304226357775
T>G,CTA,3.48929711027782e-05,0.0025858733822143,0.0259687059671064,0.0003085861698085,0.0020371196531522,0.0010633733168112,0.0033447718654488
T>G,CTC,0.0002090054645242,0.004616582483958,0.0074234767294085,0.0010383894949127,0.0312971295851159,2.23380392634814e-16,0.0056782817213566
T>G,CTG,0.0001258134872422,0.0061203407042212,0.0141831579104627,1.93118609975542e-06,0.0136141608513313,0.0004373952023722,0.0055813741299863
T>G,CTT,0.0001691756360453,0.0073360530230869,0.0568012010355355,0.0053203645992841,0.55012005399892,6.61383419123544e-07,0.0131651284243807
T>G,GTA,2.17917862228831e-16,0.0025014187536229,0.0082420154166302,0.0004898897267289,0.0002776178372461,0.0003640416940183,0.0024717207905783
T>G,GTC,2.1841211797886199e-16,0.0017012411210673,0.0058223069386229,0.0002023518601713,0.006188778858569,2.21919332325018e-16,0.002228599261754
T>G,GTG,0.0003436608756976,0.0053164852340256,0.003983902659775,0.0008351077044489,0.0014776298088799,5.69468349828796e-05,0.0044639873596322
T>G,GTT,1.45585484725892e-05,0.0023802960571146,0.0196577729364354,0.0073115415714762,0.114927286323566,0.000424396282809,0.0055508293532319
T>G,TTA,2.16541004741874e-16,0.0051487722467147,0.0648288051774966,2.18319951100844e-16,1.19770040128868e-05,2.20018173158121e-16,0.0083448348146986
T>G,TTC,5.5213336651863e-05,0.0066771960482996,0.0087774229041743,0.0001177214357041,0.0088644853633773,2.27046945793998e-16,0.0116040433465528
T>G,TTG,0.000577613846957,0.0069843566083349,0.0109739481133841,0.0009231282356655,0.004787954532855,0.0015370320536148,0.0087156349125151
T>G,TTT,2.20126302870092e-16,0.0135362615987478,0.0640966450050156,0.0045786528916105,0.121753088564441,0.0002337358649917,0.0250679708960592
