Type	S0	S1	S2	S3	S4	S5	S6	S7	S8	S9	S10	S11	S12	S13	S14	S15	S16	S17	S18	S19	S20	S21	S22	S23	S24	S25	S26	S27	S28	S29	S30	S31	S32	S33	S34	S35	S36	S37	S38	S39	S40	S41	S42	S43	S44	S45	S46	S47	S48	S49	S50	S51	S52	S53	S54	S55	S56	S57	S58	S59	S60	S61	S62	S63	S64	S65	S66	S67	S68	S69	S70	S71	S72	S73	S74	S75	S76	S77	S78	S79	S80	S81	S82	S83	S84	S85	S86	S87	S88	S89	S90	S91	S92	S93	S94	S95	S96	S97	S98	S99
A[C>A]A	25	25	4	9	20	15	15	12	2	18	2	14	21	20	20	20	19	22	20	3	11	17	14	14	32	30	23	19	18	20	28	13	13	18	25	15	27	22	7	12	24	15	15	6	20	10	9	23	25	16	10	13	7	23	24	19	14	16	11	1	15	23	1	26	15	3	17	28	14	6	19	16	16	18	2	10	26	2	17	4	15	21	28	9	13	2	18	27	11	21	5	18	13	11	4	12	11	21	19	17
A[C>A]C	9	9	4	6	4	9	12	15	2	11	2	7	5	8	14	14	6	6	8	6	3	9	12	18	22	8	11	6	8	6	16	6	7	8	5	13	9	9	5	3	23	10	7	5	18	12	7	4	14	4	9	7	5	24	8	18	7	13	8	1	7	15	4	19	5	5	4	10	13	2	9	11	7	6	7	7	11	1	5	3	7	8	14	3	15	9	8	7	5	20	3	9	4	14	4	9	6	12	10	10
A[C>A]G	0	3	3	1	4	3	0	3	1	3	0	3	0	0	14	1	4	1	2	1	0	1	2	7	9	2	5	1	0	0	1	1	5	5	1	1	1	1	0	3	11	2	2	0	4	0	0	4	1	3	2	2	0	10	1	12	5	5	0	0	3	1	0	5	3	1	1	2	1	1	2	0	3	2	1	0	1	1	1	0	0	2	5	0	2	0	1	1	1	7	0	1	1	1	3	3	1	2	4	3
A[C>A]T	9	14	6	7	7	11	10	13	0	6	3	8	10	11	27	8	5	10	7	4	5	7	7	7	19	11	13	8	8	8	13	6	8	7	5	10	7	12	4	10	21	4	20	1	20	6	5	10	12	9	9	10	4	15	19	21	10	6	6	4	8	12	2	19	9	2	6	8	9	3	12	6	12	6	1	3	12	1	11	1	7	3	16	5	7	5	8	12	6	24	4	5	7	9	4	7	12	12	15	9
A[C>G]A	2	10	7	7	4	8	8	7	4	3	4	8	3	6	5	7	8	3	12	1	9	8	10	8	9	16	6	7	2	6	16	7	9	12	6	5	4	5	6	7	9	9	4	6	6	10	4	10	10	7	7	10	5	10	4	11	5	11	9	1	5	8	6	8	13	2	9	5	6	3	6	7	8	3	5	6	5	2	3	5	11	10	6	6	3	8	4	12	3	4	8	7	12	12	4	11	8	8	11	2
A[C>G]C	3	9	2	8	6	4	7	6	2	3	1	4	3	4	2	4	4	4	6	0	5	6	6	1	3	6	5	7	1	4	0	6	5	8	3	3	4	2	1	7	3	5	5	4	2	9	5	10	2	1	2	7	2	6	4	4	5	6	4	2	4	8	2	1	8	0	7	5	6	2	9	2	7	0	1	1	3	3	6	2	11	7	11	1	6	7	5	8	2	2	5	4	4	6	4	1	3	2	5	6
A[C>G]G	1	1	0	0	2	1	1	0	0	2	0	0	1	3	1	1	3	2	3	0	1	0	1	0	1	1	3	3	0	2	2	1	5	3	1	0	2	1	1	4	2	1	0	1	3	0	1	2	2	2	0	1	2	0	0	2	3	0	0	1	2	0	1	2	2	0	0	4	4	0	0	1	5	0	2	0	3	0	5	0	2	1	1	0	2	0	1	1	1	1	1	0	2	0	0	0	0	0	3	2
A[C>G]T	19	12	8	3	9	7	8	6	2	9	3	11	6	7	6	10	9	4	19	1	6	10	12	4	4	11	9	10	8	5	12	6	11	12	8	11	8	9	9	14	3	6	9	8	4	8	6	12	10	5	7	12	3	6	14	8	7	14	7	2	7	6	7	4	9	1	7	1	13	3	8	6	13	6	4	5	7	3	2	7	6	14	9	8	6	11	3	14	6	8	8	2	10	8	2	7	9	9	15	5
A[C>T]A	24	22	25	21	26	20	28	24	14	25	8	18	19	23	19	28	14	30	20	8	11	20	14	19	26	19	22	26	19	33	21	24	12	24	16	27	23	23	28	22	28	19	19	17	28	23	20	17	20	25	23	22	7	21	21	17	30	26	6	9	33	23	16	23	26	15	24	25	36	25	19	25	19	20	21	18	24	8	22	12	18	13	14	24	29	23	21	32	17	20	25	21	10	8	15	28	21	15	22	26
A[C>T]C	6	9	12	11	14	10	10	12	4	11	4	5	7	15	3	4	14	13	9	2	15	18	15	18	14	11	11	11	9	9	13	7	11	12	10	13	9	7	4	16	8	13	12	7	18	9	12	16	6	10	8	18	6	8	6	6	12	13	8	5	14	12	6	6	10	4	22	14	18	10	15	8	6	6	14	9	14	5	13	5	7	14	13	7	12	6	10	10	7	8	8	6	8	16	14	12	14	18	13	9
A[C>T]G	34	37	109	28	57	19	34	19	11	29	1	24	49	55	4	58	29	80	27	14	37	49	9	19	1	46	23	59	47	58	41	53	18	62	58	75	33	51	40	27	2	52	16	46	20	11	118	31	16	47	73	53	25	0	39	1	51	57	37	7	54	80	29	5	44	44	16	51	28	106	56	57	25	46	20	38	38	20	79	32	10	16	8	52	64	10	51	21	48	2	74	37	49	15	30	52	18	34	70	59
A[C>T]T	16	15	18	13	11	14	17	16	10	14	6	6	8	10	12	12	18	17	11	9	8	11	11	15	11	12	18	12	13	17	21	16	14	7	14	8	21	15	20	17	9	18	14	4	17	16	19	20	19	20	10	17	6	14	19	11	16	11	6	4	19	18	10	16	11	10	9	11	14	13	12	17	21	17	9	13	23	4	11	6	21	23	15	18	13	16	18	19	14	10	11	6	11	12	7	9	7	15	12	16
A[T>A]A	4	5	5	3	4	7	5	8	1	5	2	6	2	8	5	3	5	4	4	1	4	2	4	2	6	4	4	2	5	1	7	2	6	3	3	4	2	5	2	9	11	3	7	1	8	7	4	3	7	4	3	4	1	9	8	9	3	8	3	0	4	4	0	9	4	3	6	2	5	6	3	4	9	3	2	1	3	0	8	4	5	1	9	1	3	7	6	8	6	8	2	7	2	3	3	4	5	5	6	8
A[T>A]C	8	4	8	1	6	3	2	6	5	2	1	0	3	4	3	5	1	6	3	0	4	6	4	5	2	5	5	3	5	4	3	2	0	2	3	4	5	4	1	4	4	5	5	0	1	2	3	4	4	4	3	6	5	5	4	3	4	1	3	1	7	5	4	4	3	3	4	8	5	3	4	6	13	6	4	2	5	3	4	2	3	2	3	10	5	6	2	1	4	2	9	8	3	9	0	4	6	0	6	3
A[T>A]G	5	6	3	11	4	1	3	12	0	9	2	7	0	8	8	6	5	0	9	2	5	6	4	7	10	7	11	2	8	4	6	4	7	4	5	3	1	7	3	8	6	4	9	4	10	4	7	8	3	5	1	5	7	11	3	13	3	11	5	3	6	3	6	7	7	1	6	7	5	7	5	6	7	0	5	8	10	3	5	2	4	1	9	6	4	8	0	10	6	12	2	6	3	7	4	2	5	3	4	3
A[T>A]T	13	5	4	5	6	6	4	8	1	7	0	4	5	4	4	2	8	7	3	3	6	4	11	4	1	5	9	7	4	5	10	3	9	1	7	5	7	6	3	9	7	3	9	2	4	11	4	10	5	4	4	11	1	4	7	3	5	6	4	2	8	5	4	6	7	2	7	7	9	3	4	5	9	7	3	4	11	2	1	2	7	9	10	6	3	0	5	9	5	5	5	1	6	6	3	8	5	13	4	7
A[T>C]A	24	24	19	16	23	24	27	25	14	35	7	16	12	23	28	21	19	24	30	10	13	33	22	27	25	20	24	25	34	20	26	35	14	21	28	21	17	15	14	44	34	18	36	12	28	12	24	26	34	25	25	21	8	24	18	21	20	22	12	10	22	35	23	29	23	14	25	29	20	27	17	23	56	15	15	14	16	11	34	9	15	21	34	19	26	36	23	13	31	28	25	26	14	29	15	29	16	11	25	26
A[T>C]C	4	5	7	2	8	8	12	10	2	8	6	5	4	2	3	5	10	3	7	2	3	8	8	6	8	9	8	11	9	11	11	12	3	10	6	4	11	7	6	4	6	8	11	7	6	5	7	7	7	6	5	7	3	7	4	4	5	7	7	2	6	7	2	5	8	3	8	8	15	13	7	4	10	2	5	10	9	4	6	3	7	13	5	7	9	7	8	14	10	5	2	4	7	7	5	12	8	6	6	9
A[T>C]G	16	17	12	9	19	19	22	31	9	16	3	10	16	27	12	17	14	14	23	12	11	23	10	22	14	18	17	22	23	27	19	21	12	14	17	16	12	11	8	28	20	21	20	25	35	11	15	18	24	23	18	15	8	20	21	19	18	13	10	3	19	8	9	23	17	24	14	24	24	16	22	19	13	6	14	9	14	15	19	7	17	23	18	10	19	17	13	18	16	25	23	17	10	18	16	16	21	20	10	18
A[T>C]T	18	21	23	10	17	10	19	27	13	21	6	16	15	18	11	15	19	15	25	9	15	28	20	20	24	20	28	23	14	28	14	32	18	18	18	22	17	23	22	29	12	30	25	10	23	8	24	20	36	26	18	18	13	19	24	14	24	19	18	9	18	18	13	28	16	10	22	23	17	21	16	15	28	10	11	11	19	17	24	11	16	24	32	11	15	16	12	22	22	17	24	13	11	20	15	21	21	20	14	20
A[T>G]A	5	1	3	2	2	2	3	4	2	2	0	2	2	1	3	4	6	2	6	0	3	0	10	2	2	6	4	3	1	3	5	5	4	4	2	1	1	2	4	7	2	3	2	3	1	3	3	8	6	3	1	8	2	2	4	0	4	2	3	2	2	8	0	2	3	0	3	3	4	0	5	2	7	1	2	1	0	1	4	3	5	4	10	0	1	2	2	10	1	5	3	1	2	3	2	2	4	1	6	0
A[T>G]C	5	7	4	4	2	2	3	0	0	2	0	4	4	0	1	0	4	0	7	1	2	0	5	1	2	3	7	0	2	1	6	0	3	3	3	1	0	0	4	4	0	2	3	1	3	2	1	4	7	1	2	7	0	1	1	1	4	3	0	0	0	2	0	1	8	0	3	2	2	2	2	0	4	2	2	1	2	1	1	0	5	1	5	2	2	0	1	3	4	2	1	1	6	4	0	1	3	2	5	0
A[T>G]G	6	5	4	6	4	3	5	12	4	10	2	6	4	5	5	6	8	4	10	1	1	8	3	8	3	7	10	9	5	7	6	1	7	3	5	3	4	6	3	8	7	3	3	1	9	7	3	10	6	4	3	10	2	7	6	2	6	4	3	0	2	4	3	2	6	4	5	2	12	5	5	3	6	3	2	4	9	3	5	0	5	5	4	5	3	7	5	5	6	1	1	3	2	5	2	2	7	6	5	4
A[T>G]T	9	12	4	4	2	6	5	1	2	9	0	6	5	2	0	3	9	2	10	2	8	4	8	5	4	14	10	2	2	3	11	3	10	10	2	3	2	1	7	13	1	1	2	1	3	8	2	13	4	2	3	9	4	4	16	1	14	16	0	0	2	4	2	2	16	1	7	2	23	3	9	2	16	10	4	2	4	0	7	0	8	8	11	4	0	1	1	17	4	0	2	3	4	3	3	2	7	4	15	4
C[C>A]A	22	13	7	15	24	8	30	27	1	17	4	4	11	19	35	36	15	22	14	4	9	12	11	28	38	20	10	16	15	26	18	7	12	18	21	24	28	17	10	9	41	21	20	4	31	11	6	18	17	12	15	17	6	55	30	60	14	10	6	0	15	11	5	42	9	3	10	17	18	0	15	17	8	6	5	12	44	1	29	2	11	12	21	2	16	5	13	16	16	33	1	11	8	14	1	9	13	23	15	16
C[C>A]C	8	10	2	4	5	3	6	20	2	5	2	6	6	4	42	7	12	6	10	2	6	8	7	29	40	11	9	4	6	13	11	2	9	6	6	8	6	7	3	5	41	11	21	2	32	8	1	8	22	5	4	10	4	42	10	46	9	4	9	0	12	7	2	30	9	2	9	6	9	4	10	8	7	9	4	5	13	5	12	0	12	9	23	4	7	6	10	12	8	36	2	5	6	16	3	10	6	9	10	3
C[C>A]G	2	2	4	1	5	2	8	9	1	8	0	3	5	0	14	4	0	7	0	1	0	5	3	7	16	4	2	6	2	4	4	2	2	0	1	3	5	6	1	3	12	3	10	0	10	2	3	4	5	6	2	3	2	12	4	11	2	3	3	0	2	2	0	7	1	0	2	5	2	1	2	4	2	1	1	3	7	0	6	1	2	6	8	1	5	0	2	2	2	13	3	4	0	0	1	1	2	9	2	2
C[C>A]T	13	12	3	4	11	8	17	15	0	12	3	6	7	10	50	15	9	13	16	1	3	6	5	22	38	13	12	12	11	9	14	3	5	11	15	10	11	11	9	11	44	9	27	4	21	7	3	10	23	2	8	9	5	35	13	48	12	11	2	1	16	8	1	41	10	6	5	11	10	4	6	18	9	5	3	9	13	4	12	2	7	4	16	6	22	6	8	18	8	33	2	11	4	11	2	9	7	15	3	16
C[C>G]A	4	2	2	1	0	2	4	9	3	5	1	4	3	2	9	2	5	2	6	2	4	4	5	4	4	6	11	3	2	3	5	5	5	7	1	4	6	1	0	3	6	2	5	3	9	4	7	6	7	5	7	10	4	14	4	11	5	9	11	3	5	6	4	9	3	1	5	3	8	2	6	3	5	7	2	1	0	6	3	3	3	11	9	2	3	6	4	5	1	12	6	2	2	12	7	7	8	4	7	8
C[C>G]C	6	9	2	4	6	10	4	6	1	9	2	3	1	6	4	5	8	4	4	1	3	6	6	6	12	8	7	6	8	6	9	10	5	8	3	5	5	5	6	6	10	7	11	1	6	8	11	3	8	3	2	2	6	8	10	8	5	7	12	2	3	3	4	9	6	2	6	6	8	6	4	3	5	6	3	4	3	1	5	2	7	5	8	8	9	7	4	6	6	7	12	3	9	12	4	5	7	3	10	6
C[C>G]G	0	0	1	1	0	0	3	1	1	3	0	2	2	3	3	2	2	1	0	0	0	1	2	0	3	1	3	4	5	0	0	0	0	3	3	1	1	3	0	2	4	4	2	0	2	1	1	0	2	0	1	2	1	4	5	4	1	1	1	0	1	0	2	4	0	0	2	3	3	2	1	2	4	1	0	2	1	2	4	2	0	1	1	1	5	3	5	4	1	2	2	2	2	2	1	4	0	1	0	4
C[C>G]T	11	11	4	10	3	7	6	5	3	7	5	4	8	6	8	2	10	8	18	10	4	9	12	12	11	13	11	10	1	1	15	6	5	9	4	5	8	4	6	16	4	5	1	3	13	9	8	10	12	2	4	8	6	6	8	8	8	8	7	1	5	9	3	6	8	1	5	4	21	2	8	7	8	6	4	4	8	4	5	3	15	11	5	7	2	10	5	11	9	7	3	5	8	16	3	6	9	6	15	5
C[C>T]A	15	22	15	9	21	6	12	7	5	9	3	8	13	15	18	23	13	12	14	5	8	19	20	19	15	12	17	10	14	14	17	8	15	12	12	16	14	11	10	11	9	15	12	5	11	7	11	20	20	9	8	10	14	15	17	13	15	15	5	1	14	11	4	22	15	7	15	17	20	11	15	13	22	13	6	9	18	5	20	6	15	10	11	18	15	7	12	17	11	22	8	13	10	13	5	12	15	13	11	12
C[C>T]C	20	23	13	16	9	8	8	11	5	5	3	9	11	15	14	12	11	12	9	5	14	12	24	20	20	12	15	16	12	16	12	13	6	17	9	11	14	9	12	17	19	7	17	6	17	30	12	8	21	12	12	11	7	8	12	14	14	21	15	4	13	8	5	16	12	6	13	16	16	14	10	14	9	7	5	10	11	6	11	5	19	13	12	8	8	8	8	16	10	17	10	5	6	10	7	10	8	11	10	8
C[C>T]G	27	21	75	24	27	13	29	18	13	27	7	24	29	32	8	34	16	47	19	12	28	29	7	21	15	22	22	36	28	37	26	34	12	32	33	38	18	33	26	18	4	34	19	27	19	11	58	23	14	41	33	40	14	9	33	19	33	45	22	16	52	40	27	9	31	22	10	40	23	67	32	36	23	27	17	36	22	18	40	27	12	14	8	41	37	12	30	13	27	5	37	31	17	7	12	34	10	22	45	33
C[C>T]T	23	20	14	7	12	17	21	26	3	19	8	9	4	14	20	12	11	9	19	6	9	19	21	18	12	21	22	20	14	12	12	21	7	19	9	16	16	22	12	17	21	18	22	11	17	24	18	8	30	11	19	25	7	22	12	9	23	11	7	3	12	18	7	20	14	9	17	14	11	12	16	12	18	12	11	17	11	10	12	9	14	23	22	9	19	16	12	31	13	17	8	4	19	18	9	15	15	16	9	21
C[T>A]A	1	4	2	1	0	2	2	5	1	3	0	2	3	1	12	2	2	2	2	0	2	4	1	8	7	0	1	0	4	2	1	1	0	2	4	1	5	1	0	1	2	2	9	3	4	2	3	2	6	2	0	1	2	5	2	7	0	1	3	0	3	5	2	10	1	0	2	2	4	6	2	0	1	0	4	5	5	0	2	0	0	1	4	0	0	0	1	2	3	14	2	2	1	6	1	2	4	0	0	2
C[T>A]C	8	4	10	1	1	7	6	4	1	2	1	7	3	3	13	2	6	2	10	0	0	4	8	7	13	5	10	5	1	4	10	3	4	7	4	1	4	3	1	5	8	2	12	2	8	4	0	8	5	3	4	4	4	13	7	8	5	4	4	0	5	4	1	11	4	3	2	2	2	2	8	5	4	6	1	2	3	2	1	2	5	4	5	3	4	3	4	8	6	5	2	3	3	4	1	1	7	5	2	5
C[T>A]G	2	1	3	3	2	5	5	10	1	6	1	1	0	3	27	6	6	1	3	0	5	1	1	15	20	0	4	2	2	3	6	3	0	4	2	4	0	0	2	5	20	3	10	3	11	4	3	0	5	6	3	4	1	21	1	20	0	0	7	1	6	1	1	26	1	2	2	8	2	4	2	3	2	3	2	1	3	5	2	2	2	2	8	3	4	3	0	3	4	20	2	2	2	12	1	5	3	3	2	1
C[T>A]T	3	6	4	3	5	5	3	5	1	3	0	2	4	1	14	1	8	2	8	1	4	5	8	12	8	7	7	2	3	1	8	0	2	5	2	2	5	4	7	5	6	1	5	1	8	7	1	7	12	0	2	3	5	10	11	3	5	3	3	0	0	4	0	7	8	2	4	6	11	2	3	3	4	4	3	2	2	0	2	1	8	7	9	1	3	1	2	7	1	5	2	0	2	3	1	2	7	5	8	0
C[T>C]A	8	8	8	7	8	3	8	7	3	6	2	8	3	10	3	8	18	12	11	3	6	8	6	11	11	6	11	6	7	4	10	7	8	9	6	6	8	8	7	11	9	8	12	3	7	7	11	11	11	9	11	10	4	6	9	6	4	11	6	1	3	11	3	6	8	11	17	10	10	8	16	6	6	4	5	5	4	2	6	1	9	13	6	10	6	9	3	5	6	12	11	7	6	11	4	7	3	9	11	4
C[T>C]C	8	9	9	3	5	10	12	13	5	2	1	6	2	10	4	3	8	4	9	1	1	9	4	7	5	17	7	5	4	6	5	6	3	10	3	5	6	7	5	4	2	6	11	15	7	5	4	7	14	5	9	8	4	5	8	6	4	4	8	1	11	9	0	8	8	8	6	6	11	5	10	7	10	4	7	5	7	5	4	2	6	3	5	8	9	6	5	15	5	4	3	5	4	12	5	7	9	7	7	8
C[T>C]G	13	7	22	4	7	12	8	9	6	13	1	7	10	13	13	15	11	14	16	4	4	11	13	18	15	7	15	15	11	15	10	12	7	12	14	11	7	12	8	15	8	11	21	8	13	8	11	8	11	11	8	6	6	7	9	9	10	15	2	1	8	11	12	15	10	16	10	10	11	12	7	11	8	12	9	8	12	3	11	1	4	14	13	11	11	12	10	15	18	16	8	6	9	8	6	11	13	9	7	9
C[T>C]T	12	8	6	6	4	10	8	11	5	9	1	6	6	12	7	14	8	9	10	5	5	11	8	11	4	15	11	6	3	12	10	9	7	8	4	5	9	12	12	10	8	10	5	4	5	13	9	10	5	5	9	6	10	7	10	3	9	12	11	4	4	16	3	9	17	3	9	7	14	10	11	9	18	6	11	7	3	3	11	0	5	3	14	12	8	12	3	11	15	8	7	5	8	14	4	7	10	5	10	7
C[T>G]A	1	3	2	1	2	2	1	2	0	2	0	3	0	0	1	0	4	2	3	0	0	1	0	1	2	5	2	0	1	1	2	0	1	2	1	0	0	0	1	1	0	3	1	0	2	1	1	2	2	0	1	1	2	0	2	0	2	7	0	0	1	2	0	1	2	0	4	1	2	0	3	1	0	2	1	0	1	0	1	2	2	1	3	4	2	3	1	1	2	2	4	2	1	2	0	0	2	0	2	2
C[T>G]C	6	3	3	3	2	3	4	1	2	3	1	4	3	2	1	1	5	6	10	2	3	2	3	3	2	4	8	0	2	2	10	5	4	5	4	2	2	1	6	3	5	1	3	0	6	6	4	3	1	5	2	4	4	4	6	5	3	8	1	1	3	2	4	1	2	1	2	3	8	6	3	0	4	4	1	5	3	2	5	0	5	1	4	0	5	5	3	5	2	4	3	3	1	5	4	5	5	3	2	3
C[T>G]G	4	2	4	2	2	5	4	6	1	3	0	3	7	3	3	5	6	2	4	1	3	5	3	6	5	3	7	2	3	3	2	3	4	3	6	5	4	4	4	6	7	5	4	0	4	4	4	6	6	1	5	4	3	4	3	5	8	3	2	1	5	6	3	3	6	3	5	3	4	3	3	4	7	1	2	3	6	1	2	2	5	4	5	5	6	6	2	6	7	5	3	4	1	4	4	4	1	4	2	6
C[T>G]T	23	9	0	8	2	6	1	4	1	9	2	6	5	7	5	2	8	3	11	2	3	6	5	6	2	22	16	5	6	4	17	9	10	8	5	2	3	3	9	5	5	6	2	3	8	10	0	5	4	3	4	7	7	7	27	5	16	7	6	3	4	6	4	7	5	5	10	8	19	5	10	2	7	9	3	5	5	3	3	2	9	6	4	3	6	5	5	13	3	4	1	4	7	2	4	5	5	6	14	7
G[C>A]A	16	10	6	7	30	7	32	17	3	35	1	3	28	42	23	30	15	36	12	5	8	22	5	14	13	17	6	28	43	35	19	5	5	4	33	37	42	33	10	10	13	21	16	8	11	10	3	6	17	20	29	12	5	21	20	26	8	14	4	1	28	9	4	13	4	7	9	42	22	7	13	33	5	9	5	22	47	6	39	4	11	7	15	4	33	3	11	17	29	16	7	24	7	7	3	25	8	50	16	18
G[C>A]C	8	7	7	9	8	7	8	13	1	6	0	4	4	7	20	13	6	8	9	3	2	4	9	14	14	7	8	11	3	8	6	6	6	4	6	8	12	7	5	8	25	6	13	4	10	8	1	4	9	11	8	4	2	15	12	26	7	3	9	2	7	6	5	14	7	4	6	12	8	7	11	6	9	5	3	4	2	2	8	1	6	3	4	5	8	2	4	12	7	18	5	5	4	5	1	4	8	16	9	5
G[C>A]G	4	3	1	1	3	2	2	3	2	1	0	0	1	3	5	3	1	4	1	1	2	2	1	1	8	6	1	2	2	7	2	1	1	1	2	0	1	4	3	3	10	3	2	0	6	0	0	1	2	3	5	0	0	8	2	10	1	3	1	1	6	0	1	10	4	0	1	6	2	3	1	3	2	2	1	3	3	0	4	1	1	2	2	1	6	1	4	2	1	9	2	2	2	1	2	2	1	3	2	5
G[C>A]T	24	5	0	5	21	9	19	9	3	14	1	7	14	19	17	17	3	19	6	3	6	18	3	7	15	13	8	19	19	24	19	7	9	11	19	19	38	30	6	5	10	19	6	0	10	6	4	6	13	17	14	4	2	24	19	12	9	11	3	1	10	8	4	13	6	2	9	16	5	3	3	24	8	3	2	13	28	1	13	3	10	6	12	4	25	2	15	6	14	14	5	15	9	4	1	11	8	29	6	23
G[C>G]A	9	4	1	2	6	3	3	8	0	3	1	2	2	1	6	3	3	1	9	3	2	6	3	8	3	7	4	1	1	1	3	1	4	2	2	2	4	4	3	5	5	1	6	2	5	3	2	2	2	1	5	7	1	4	3	5	5	5	7	1	4	3	4	4	8	0	5	4	5	5	4	3	1	0	2	2	1	4	2	1	3	4	1	2	2	3	1	2	4	8	2	0	3	12	3	5	5	3	4	4
G[C>G]C	5	3	1	4	1	3	7	4	0	0	0	3	0	2	3	2	5	3	4	1	2	0	5	6	5	1	3	3	3	7	4	3	3	1	2	4	0	2	6	2	7	2	6	2	6	3	4	7	2	3	0	3	3	4	5	7	2	5	4	1	3	5	1	8	2	3	4	5	5	4	8	2	5	2	0	3	3	3	3	2	4	4	6	3	7	2	3	3	3	9	1	0	2	3	0	4	2	1	4	0
G[C>G]G	2	1	0	0	1	0	0	3	0	1	1	1	0	1	4	0	1	1	1	0	2	3	1	0	2	3	0	2	2	4	1	1	0	1	1	1	2	2	0	1	3	0	1	1	4	1	0	1	0	0	2	2	1	0	0	1	1	3	1	2	1	0	0	2	1	0	1	1	1	0	1	1	1	0	1	0	1	0	2	0	0	0	1	0	4	0	1	2	0	1	0	0	0	2	0	0	1	0	1	2
G[C>G]T	7	4	2	5	3	9	2	6	4	4	1	8	0	1	4	4	5	0	8	3	8	6	6	8	3	5	6	4	2	5	6	6	5	2	2	4	3	8	6	4	3	1	7	3	5	5	3	3	5	3	1	9	6	4	11	5	5	6	7	1	7	3	3	1	9	2	5	2	9	3	4	5	6	2	2	8	3	2	3	1	5	7	8	3	3	4	2	6	4	3	7	2	4	10	4	6	5	2	5	1
G[C>T]A	14	12	20	18	14	7	15	18	8	18	8	11	13	15	11	9	10	14	14	5	7	21	15	9	13	20	16	10	12	8	14	16	15	7	9	16	12	10	13	15	8	9	16	9	15	4	15	16	9	12	16	9	8	10	10	8	20	13	9	3	10	9	12	16	11	5	9	14	13	15	17	9	21	14	15	11	8	9	18	5	14	14	16	12	17	15	10	17	14	9	16	14	9	14	6	17	8	13	16	15
G[C>T]C	14	8	15	5	12	13	13	10	5	18	5	4	10	14	9	17	20	15	16	6	12	20	14	14	15	11	14	13	9	11	14	12	8	6	20	8	18	15	8	9	9	18	18	6	14	21	14	12	5	9	11	12	5	11	14	18	7	11	6	3	14	11	6	9	12	5	20	13	6	19	13	12	16	10	4	8	10	3	10	7	11	6	9	17	11	9	6	18	11	15	8	6	7	11	3	9	9	14	8	8
G[C>T]G	18	15	63	12	41	14	24	15	4	38	5	22	38	48	5	45	21	55	19	14	21	34	14	8	7	14	18	47	46	37	26	31	11	32	42	41	25	34	28	25	4	42	17	33	12	8	60	16	14	25	45	27	12	6	27	6	42	37	14	6	39	38	18	5	21	27	11	35	30	76	31	47	22	28	16	33	20	14	45	23	4	13	13	34	43	20	34	10	32	2	44	19	23	7	16	37	15	28	31	39
G[C>T]T	9	12	11	10	13	9	8	12	1	12	5	10	10	16	13	5	9	10	16	4	7	14	16	14	12	15	11	4	4	14	10	16	8	9	12	12	11	9	9	15	11	11	18	7	14	8	10	13	11	6	10	12	2	10	10	10	10	4	7	1	4	11	10	14	17	7	10	4	8	13	9	4	7	8	11	16	11	2	13	2	8	10	9	8	13	14	7	19	12	9	4	11	4	12	10	10	11	15	12	11
G[T>A]A	3	3	2	4	5	3	1	5	0	2	0	0	2	2	4	2	2	3	2	0	0	4	3	9	3	4	3	2	1	1	1	1	2	0	3	0	2	4	2	4	3	4	8	2	5	0	2	2	3	2	1	1	0	2	4	6	3	4	3	1	2	4	2	4	2	2	2	3	6	1	2	2	4	0	1	0	3	2	2	0	1	3	4	4	2	3	0	1	2	6	1	4	2	4	0	1	2	2	3	0
G[T>A]C	4	1	1	2	1	1	4	5	0	0	0	3	1	0	5	6	3	0	2	0	3	2	2	2	3	0	1	1	1	4	4	5	4	2	2	3	2	0	3	3	3	0	2	0	1	1	2	4	5	0	4	2	1	2	2	4	4	4	2	1	3	1	1	3	3	0	3	1	0	2	3	3	3	1	0	3	5	0	0	0	2	0	1	1	4	3	3	4	1	2	0	2	3	5	1	1	1	2	1	0
G[T>A]G	3	4	1	4	1	3	2	7	1	3	0	0	2	2	11	7	4	2	1	1	2	1	5	7	5	1	3	1	4	1	4	3	2	1	0	3	4	2	4	6	7	2	7	2	8	4	4	0	9	3	0	4	1	7	5	7	3	6	3	0	3	5	3	7	5	1	2	3	1	2	6	4	4	2	0	1	1	2	1	3	0	0	5	2	1	1	2	2	1	7	3	2	2	14	2	3	5	4	2	2
G[T>A]T	3	2	1	4	0	2	3	6	1	1	1	4	2	2	1	2	3	4	5	2	6	3	3	0	2	3	2	2	0	2	5	2	4	1	2	3	1	4	3	2	6	3	4	0	5	2	2	2	6	2	2	3	4	2	5	7	4	5	4	1	0	0	0	3	6	1	4	1	8	4	3	3	3	2	3	1	3	3	3	0	4	4	3	1	4	5	3	5	1	5	3	1	2	6	0	1	5	3	6	1
G[T>C]A	9	7	9	3	4	6	7	11	4	11	2	8	5	16	6	9	4	7	6	6	6	11	4	15	7	9	11	3	9	7	5	7	3	9	11	2	7	9	5	11	12	7	13	8	11	3	9	5	4	7	7	4	5	7	5	4	5	5	4	5	8	8	8	8	9	10	5	8	4	8	8	9	4	9	5	10	2	3	2	4	7	7	8	11	7	9	9	9	2	10	5	8	5	6	3	5	7	8	6	18
G[T>C]C	8	4	5	2	7	3	1	3	4	3	0	1	3	8	1	5	8	1	5	4	0	5	1	5	9	8	3	0	2	3	1	7	1	7	6	7	5	6	2	3	6	5	7	8	8	0	5	5	6	9	5	4	2	2	2	2	7	7	4	2	3	6	4	7	2	7	2	8	6	5	12	5	4	3	0	2	3	2	2	4	5	3	7	5	6	7	4	3	1	5	5	3	3	6	0	5	6	6	5	6
G[T>C]G	9	11	10	5	8	5	5	13	3	11	1	7	6	12	7	7	3	7	4	2	6	8	5	12	11	11	5	11	5	5	6	9	5	8	9	9	9	11	5	9	4	10	9	56	13	4	10	7	9	8	13	4	3	9	6	9	6	10	4	2	10	9	6	15	7	53	10	8	8	10	5	6	9	7	5	3	4	6	7	4	6	4	6	9	8	11	7	8	9	8	4	16	9	12	2	10	4	10	5	7
G[T>C]T	6	8	6	7	9	8	5	10	2	6	3	4	5	8	12	10	6	12	8	3	4	7	9	6	3	7	10	6	11	6	6	10	6	1	7	9	10	10	9	7	11	7	4	5	12	3	11	4	12	9	13	5	5	7	6	6	6	5	6	0	8	3	4	7	11	9	7	8	10	6	10	4	10	3	4	5	7	2	4	4	4	5	7	5	8	7	4	11	12	6	7	10	3	6	5	7	5	2	7	8
G[T>G]A	1	1	0	2	1	1	1	2	0	4	0	1	0	1	0	1	2	0	0	1	0	2	0	0	0	1	2	2	2	2	1	1	1	2	4	1	2	0	0	2	3	2	1	4	1	4	1	3	1	3	0	1	0	0	2	1	1	3	1	0	2	4	0	2	1	0	0	0	0	2	2	1	2	2	0	1	2	0	0	3	4	2	3	1	1	0	1	0	2	1	2	1	1	5	4	2	2	0	1	6
G[T>G]C	2	0	1	0	1	1	2	2	2	0	1	0	0	1	3	0	1	2	2	0	0	1	0	4	0	2	1	2	0	0	0	1	0	0	0	0	0	2	0	2	1	2	2	0	1	1	0	1	0	1	0	4	0	2	1	0	1	2	1	0	0	4	2	0	1	1	1	0	2	1	1	0	1	1	2	0	0	0	0	1	2	2	0	2	1	1	0	2	1	0	0	1	0	6	1	0	1	0	2	0
G[T>G]G	2	2	5	6	4	2	6	4	4	2	0	1	6	2	7	5	3	4	4	2	2	5	1	3	3	3	6	3	2	2	4	2	4	2	2	3	4	3	2	3	3	4	6	3	7	4	2	1	1	4	0	6	0	9	3	4	4	5	11	1	7	5	3	5	3	2	5	2	4	4	5	4	2	2	1	4	5	1	4	2	7	2	5	3	4	4	2	3	4	5	2	2	2	6	1	2	4	3	5	8
G[T>G]T	6	5	1	3	1	5	2	6	0	3	0	1	1	0	1	5	4	1	7	0	3	1	4	3	1	4	1	1	3	3	5	2	6	3	0	1	2	5	1	4	1	1	1	1	1	2	0	2	2	2	1	1	1	3	5	1	2	2	2	2	1	1	1	1	6	0	4	1	7	1	6	0	4	4	0	4	1	0	4	0	7	6	1	2	1	1	2	1	4	1	3	2	1	5	1	3	5	2	3	0
T[C>A]A	28	19	10	29	33	27	36	23	34	23	33	26	27	27	29	20	22	19	16	25	14	27	18	21	23	32	29	19	37	31	29	10	34	22	25	30	31	31	28	24	30	22	13	26	12	30	8	24	15	20	19	20	26	26	28	24	19	14	24	33	33	12	23	26	14	19	20	21	19	12	22	37	32	22	19	32	29	41	24	26	25	27	26	11	37	19	29	15	24	31	11	27	22	21	21	30	17	27	16	30
T[C>A]C	16	10	6	9	21	15	19	19	12	25	14	15	15	22	36	14	21	9	22	14	15	12	19	25	24	21	20	18	13	11	20	11	24	16	15	14	28	19	9	17	26	19	17	10	18	18	7	13	16	18	16	20	13	25	16	36	16	14	19	13	8	20	11	34	10	15	16	15	16	8	8	29	13	13	12	17	23	11	18	14	6	12	24	11	18	15	22	21	14	25	4	11	11	13	11	10	17	20	14	20
T[C>A]G	4	0	3	1	7	1	5	3	7	2	3	4	1	5	6	5	4	8	7	4	3	2	3	8	8	5	3	6	5	4	9	5	3	5	5	7	4	7	7	5	8	3	1	3	3	5	2	2	4	3	3	1	2	10	5	4	3	2	4	7	5	0	7	8	6	3	5	7	9	2	4	10	2	4	3	6	6	3	5	4	5	3	4	2	5	3	5	1	2	10	3	8	1	2	5	5	7	6	2	5
T[C>A]T	38	12	7	10	49	14	57	19	15	27	26	15	35	31	24	41	20	42	25	16	18	19	11	22	22	40	14	36	30	29	30	12	20	14	39	47	57	46	20	15	27	43	15	5	18	14	9	13	27	15	31	19	15	25	35	25	18	13	13	14	45	18	11	26	17	16	25	40	42	14	18	43	12	19	13	27	52	15	39	17	18	20	25	14	41	14	26	28	32	30	11	35	10	7	16	28	14	44	14	40
T[C>G]A	10	31	22	45	15	51	23	25	125	27	141	68	49	12	17	21	36	15	22	143	53	25	56	15	19	9	20	15	40	15	10	53	83	54	17	8	22	21	54	27	12	11	19	45	17	54	22	36	28	49	43	17	81	17	9	22	25	17	95	139	28	19	78	11	33	57	68	19	5	22	12	22	21	52	71	58	23	112	8	96	57	79	29	27	12	64	55	10	40	15	24	58	43	44	72	35	41	22	16	26
T[C>G]C	7	16	8	14	6	15	5	4	34	10	31	18	17	7	14	8	11	7	14	31	16	9	28	5	12	15	14	11	5	9	9	24	20	17	8	7	6	9	17	12	8	8	11	9	9	22	10	4	10	14	12	17	22	5	5	8	8	14	29	26	13	8	19	3	22	11	19	7	6	8	8	13	13	15	24	19	6	27	2	21	13	21	9	9	8	18	11	14	8	4	13	17	18	18	15	9	20	10	6	9
T[C>G]G	2	1	1	3	0	3	2	3	4	3	8	3	6	0	2	2	3	2	1	7	2	3	3	4	1	0	0	3	1	1	0	2	4	0	3	3	3	2	1	2	3	4	4	3	2	1	3	3	1	1	5	2	5	2	0	0	2	0	3	4	3	3	1	1	2	1	7	1	1	1	3	2	1	4	4	3	0	7	1	5	1	4	1	0	0	2	3	3	1	5	5	6	3	1	5	3	1	4	1	5
T[C>G]T	15	33	17	66	27	62	25	20	153	28	196	80	57	14	17	20	40	21	27	134	66	37	58	23	28	16	28	20	42	27	19	42	95	71	24	30	31	20	59	31	27	26	29	63	21	73	20	50	30	54	48	21	111	17	12	20	23	21	110	166	45	24	80	23	65	59	85	23	19	21	29	18	24	77	90	68	34	166	16	127	75	89	42	42	11	87	65	26	47	20	26	66	55	55	97	48	46	28	31	38
T[C>T]A	28	66	60	164	65	117	51	28	199	56	204	132	103	44	21	46	71	56	30	195	170	40	87	28	20	19	25	62	62	49	24	76	74	30	75	58	61	59	117	47	23	57	43	150	31	87	73	85	27	76	57	42	171	23	16	24	63	50	107	213	48	44	212	22	39	132	62	40	16	57	57	50	43	117	191	92	34	171	53	216	90	57	29	154	34	117	91	29	72	26	146	117	147	57	218	71	121	51	53	43
T[C>T]C	27	28	31	46	18	42	20	24	40	27	44	38	40	32	19	17	28	17	15	43	36	19	41	25	18	22	20	28	30	21	21	21	22	19	29	30	24	18	44	21	14	20	28	21	17	46	25	29	14	29	22	33	45	11	22	12	25	18	27	48	15	19	46	11	26	42	29	18	13	26	20	24	30	37	35	30	9	36	19	34	34	23	17	34	18	29	35	17	23	16	39	36	39	20	35	22	37	17	24	16
T[C>T]G	14	19	46	25	31	20	18	14	13	27	25	23	27	30	5	36	26	22	16	23	29	27	19	13	6	18	12	38	22	31	10	26	15	25	26	27	17	25	20	19	6	31	12	21	16	17	45	11	11	30	24	31	29	10	21	12	16	26	16	13	13	28	27	11	29	24	14	25	16	44	21	32	14	26	28	27	24	26	28	22	12	8	10	41	25	26	30	20	28	9	35	27	20	12	31	22	21	22	20	26
T[C>T]T	18	43	48	84	32	80	33	21	110	29	110	75	61	24	23	21	49	27	24	112	97	36	55	33	21	15	18	39	37	19	20	57	58	36	30	27	20	34	67	24	23	43	30	72	22	56	43	41	28	52	45	31	115	20	16	12	33	43	53	147	32	31	106	15	34	94	34	25	16	46	36	22	38	81	104	73	30	88	37	126	53	43	17	66	38	46	57	25	41	25	84	46	123	64	120	43	66	33	28	21
T[T>A]A	9	10	4	2	6	6	5	5	5	4	2	6	3	9	6	9	3	7	7	0	4	12	3	3	5	5	8	5	5	7	4	5	9	7	9	3	3	4	4	4	10	4	4	4	4	12	6	4	6	3	2	8	3	9	8	7	5	5	3	3	6	6	0	6	3	3	4	12	6	6	7	11	6	5	5	4	12	3	6	1	8	4	4	7	4	3	4	3	7	9	3	8	8	4	2	7	2	7	8	4
T[T>A]C	1	9	5	3	3	3	3	5	2	2	0	5	2	5	7	4	5	1	6	1	3	1	3	8	6	6	8	1	2	4	8	1	11	5	2	1	3	2	0	11	3	3	3	1	1	8	3	4	4	1	2	6	2	5	5	8	10	5	8	0	2	5	0	7	7	0	2	3	8	3	9	0	5	2	1	4	5	2	6	2	6	6	7	3	2	4	2	4	5	2	2	1	0	6	1	2	6	4	5	3
T[T>A]G	6	3	0	2	3	4	1	4	1	5	1	2	2	1	7	4	8	1	5	2	3	3	0	7	3	4	2	2	3	1	1	2	1	2	6	1	2	2	1	5	6	0	3	3	7	2	5	2	5	5	2	4	2	6	3	6	1	4	3	0	1	8	1	4	2	1	3	0	4	1	2	3	7	2	6	1	2	0	1	0	1	2	6	5	3	3	2	4	1	9	4	1	2	3	4	4	7	3	5	8
T[T>A]T	13	12	5	9	12	5	6	9	2	4	2	8	8	4	6	3	16	11	19	3	4	4	16	5	8	15	22	2	7	5	15	6	14	6	10	8	9	2	4	10	3	6	4	8	3	10	10	10	19	5	7	13	6	7	13	7	17	8	5	2	8	14	5	8	13	5	12	7	10	5	12	6	10	14	4	3	3	2	6	2	17	9	17	6	4	7	5	10	9	9	5	3	10	7	2	6	10	6	13	3
T[T>C]A	12	7	11	2	11	5	5	14	5	12	3	9	6	6	8	11	6	4	12	3	8	5	9	14	11	7	11	10	8	13	14	15	9	5	9	7	9	12	4	5	11	20	9	6	7	11	9	12	12	13	9	6	5	5	9	9	8	8	5	6	8	10	10	5	5	9	10	10	15	12	14	10	9	5	5	10	6	2	7	2	6	8	10	10	5	16	5	11	18	15	7	8	8	13	6	11	9	10	8	14
T[T>C]C	10	6	3	5	7	4	7	5	2	6	1	5	6	9	3	7	6	12	5	2	1	10	4	9	6	8	7	6	8	8	5	5	4	6	9	6	5	8	9	2	8	7	11	4	4	8	7	3	6	6	4	11	2	5	8	3	5	6	5	4	4	5	3	6	4	6	9	4	6	12	6	5	6	4	5	11	12	2	7	1	8	10	7	6	9	9	8	5	10	5	7	7	3	5	2	6	7	8	4	10
T[T>C]G	4	7	8	7	9	2	9	14	1	10	2	3	3	5	7	7	6	10	8	4	3	9	4	5	2	5	9	6	14	3	8	8	6	7	12	9	7	6	2	5	8	14	7	82	12	1	9	9	4	5	6	6	2	9	9	7	10	3	1	2	3	14	1	4	4	76	4	4	7	5	4	7	5	4	8	4	8	5	5	3	6	6	12	3	5	5	5	8	5	9	5	8	2	7	5	7	2	4	6	7
T[T>C]T	7	9	11	6	7	7	9	13	3	13	1	9	13	9	6	11	6	10	11	2	8	5	8	9	10	15	16	5	12	10	9	11	6	14	8	11	6	12	10	12	14	11	14	8	7	5	13	8	12	8	11	12	4	7	10	7	12	16	11	3	11	10	5	11	10	9	8	17	7	10	11	20	11	4	11	7	11	5	9	4	9	9	10	8	6	13	13	13	10	4	12	4	7	8	6	17	5	10	13	11
T[T>G]A	5	9	2	2	4	4	1	4	3	3	1	2	2	4	4	1	4	1	10	1	3	6	3	4	4	8	5	3	3	3	2	4	3	7	4	3	5	2	7	2	2	0	1	2	4	2	2	2	9	4	2	9	2	2	8	3	3	2	5	0	0	7	2	1	4	2	5	3	7	2	14	1	7	7	2	3	3	1	1	2	5	4	3	1	5	2	1	6	1	2	7	1	1	4	2	4	3	6	7	4
T[T>G]C	9	10	2	4	4	8	2	4	3	3	1	6	2	3	6	3	5	4	6	1	5	5	3	4	8	3	14	4	4	2	7	5	7	5	3	7	5	3	7	9	2	7	2	3	4	5	1	10	4	2	4	8	2	6	8	3	7	4	2	3	3	9	1	5	4	1	5	2	5	2	9	3	10	5	2	2	6	4	3	0	10	4	5	5	3	5	2	3	3	3	3	1	3	5	1	1	6	3	6	5
T[T>G]G	7	6	2	5	4	6	3	5	2	4	2	3	5	5	5	4	4	3	7	3	5	2	3	4	4	4	5	5	6	6	3	2	3	7	5	5	7	5	6	15	4	2	6	3	4	7	6	5	4	7	5	6	6	5	8	3	8	6	3	1	4	4	0	5	10	0	5	5	10	2	9	2	5	4	3	1	2	1	3	0	5	6	3	6	6	5	4	5	2	1	7	3	8	6	4	2	5	3	7	2
T[T>G]T	19	15	10	12	7	10	13	15	3	7	2	13	7	14	6	11	15	7	17	2	13	7	12	7	4	11	21	9	8	14	15	7	18	16	8	5	7	9	11	20	6	10	7	4	10	14	5	20	14	6	10	19	6	5	19	5	18	18	9	2	12	20	2	5	16	2	10	6	17	10	18	7	12	8	5	4	13	5	5	3	15	10	23	9	8	6	7	20	6	7	8	6	12	9	1	5	15	9	24	9
