0	S0	S1	S2	S3	S4	S5	S6	S7	S8	S9	S10	S11	S12	S13	S14	S15	S16	S17	S18	S19	S20	S21	S22	S23	S24	S25	S26	S27	S28	S29	S30	S31	S32	S33	S34	S35	S36	S37	S38	S39	S40	S41	S42	S43	S44	S45	S46	S47	S48	S49	S50	S51	S52	S53	S54	S55	S56	S57	S58	S59	S60	S61	S62	S63	S64	S65	S66	S67	S68	S69	S70	S71	S72	S73	S74	S75	S76	S77	S78	S79	S80	S81	S82	S83	S84	S85	S86	S87	S88	S89	S90	S91	S92	S93	S94	S95	S96	S97	S98	S99
C>A ACA	3	3	3	1	4	0	0	7	2	3	6	9	4	0	1	3	2	6	7	5	1	5	4	2	7	4	1	4	4	6	7	6	2	5	6	4	1	4	4	5	6	2	6	4	4	5	5	2	7	4	4	8	5	4	5	4	5	2	4	9	3	5	2	0	4	5	1	3	5	6	2	3	4	4	5	0	3	4	6	3	5	5	4	3	3	5	3	5	3	0	6	6	3	2	11	2	7	3	3	3
C>A ACC	0	2	5	4	1	0	1	3	1	4	0	2	4	1	4	2	4	4	4	2	3	2	0	0	1	4	1	1	1	1	2	3	1	1	6	1	1	3	0	2	3	2	1	2	2	1	4	3	5	1	4	3	2	2	4	0	5	4	2	4	1	3	3	4	5	0	3	2	2	3	5	2	3	4	1	2	4	1	1	6	2	1	5	3	0	1	1	4	3	2	3	4	2	3	2	2	4	3	1	3
C>A ACG	2	0	1	0	0	0	0	1	1	0	1	0	1	0	0	1	0	1	1	1	0	1	1	1	0	0	2	0	1	0	1	0	0	1	0	2	1	0	1	2	1	0	0	0	0	0	0	1	1	0	0	1	0	1	0	0	1	0	0	1	0	0	0	0	1	0	2	0	0	1	0	0	0	0	1	0	0	1	0	1	0	0	0	1	0	0	0	0	0	1	0	0	4	0	0	0	0	0	0	2
C>A ACT	2	1	2	2	4	1	3	0	0	2	0	1	1	2	0	3	1	0	2	4	1	3	1	1	1	0	2	1	0	1	1	2	3	1	0	0	4	0	3	3	0	2	3	1	1	1	0	1	1	3	2	3	1	1	1	3	0	2	0	6	1	3	3	3	3	2	5	2	2	3	2	1	2	2	1	0	2	2	0	1	2	2	1	1	4	2	0	1	2	1	1	1	1	4	2	1	0	4	1	1
C>A CCA	4	2	2	3	2	3	3	2	3	3	3	2	3	5	2	4	2	1	1	2	1	2	1	3	1	3	1	7	2	1	3	3	2	2	0	5	1	6	0	2	4	5	4	5	1	0	1	4	2	5	4	1	2	4	2	1	1	2	4	1	1	2	2	1	2	3	2	4	3	4	1	2	1	4	3	2	2	1	2	3	3	1	2	0	1	0	0	2	9	1	1	1	3	2	6	9	0	2	3	2
C>A CCC	3	0	2	1	1	3	0	3	1	2	2	6	1	3	1	2	0	2	2	1	1	1	3	0	2	3	1	3	2	1	0	3	2	2	1	2	2	3	0	2	0	1	0	2	2	2	2	4	3	0	2	2	4	1	2	0	0	3	3	1	1	0	1	3	0	4	3	2	2	2	2	3	1	2	4	2	1	1	2	2	2	2	3	3	2	1	1	1	1	7	3	1	3	0	3	2	2	1	3	0
C>A CCG	0	1	0	1	0	0	2	1	0	0	2	1	0	2	1	0	2	2	0	1	1	1	1	3	0	0	1	0	1	1	1	1	0	0	0	1	2	1	2	2	0	0	2	1	1	2	1	1	0	1	0	0	1	2	0	3	0	0	0	1	0	1	3	0	1	3	0	0	1	1	0	0	1	0	1	0	1	0	1	2	1	2	0	1	3	2	1	1	1	2	1	1	0	1	0	1	0	0	0	1
C>A CCT	0	5	2	1	0	2	5	1	3	0	0	6	3	2	1	1	2	2	2	1	1	1	1	2	1	3	4	2	2	0	1	3	0	1	1	2	1	4	1	3	5	3	1	1	2	0	3	0	0	2	0	3	2	4	5	1	0	0	2	2	4	1	2	1	1	3	3	0	2	4	4	4	2	0	2	2	1	2	3	1	1	1	4	4	0	3	1	2	1	3	1	2	0	1	0	0	2	3	1	3
C>A GCA	3	3	3	3	3	2	1	0	2	3	3	2	3	0	1	2	6	3	0	3	3	6	6	5	3	2	3	1	7	4	6	2	1	4	1	2	3	2	4	3	1	3	3	1	5	8	1	4	2	2	3	2	2	2	3	5	2	1	2	2	4	8	1	2	3	3	2	1	3	2	3	3	3	3	4	2	2	0	1	3	3	4	5	3	2	2	3	4	2	2	0	2	4	1	5	1	8	2	4	2
C>A GCC	2	0	2	2	1	2	2	1	0	2	2	1	2	4	2	3	3	2	1	0	1	1	2	2	1	1	4	2	3	0	5	4	0	1	2	4	5	2	3	2	3	2	3	3	1	3	4	1	0	2	2	2	2	3	2	3	2	1	2	1	1	4	3	3	0	2	4	3	1	1	4	3	2	1	3	2	2	3	1	1	1	1	1	2	3	4	0	3	0	2	1	4	2	3	3	0	2	1	2	1
C>A GCG	0	0	0	0	2	0	2	0	0	3	0	1	0	1	1	0	0	0	1	1	0	1	1	1	0	0	2	3	0	0	1	0	0	1	3	3	0	1	0	1	2	1	0	1	0	1	0	0	0	0	0	0	1	0	0	0	0	0	2	1	1	0	1	1	1	0	1	2	1	0	0	2	1	0	0	1	0	1	2	2	1	0	2	0	1	0	0	0	3	0	0	0	0	1	1	2	0	1	1	1
C>A GCT	0	4	1	2	3	0	1	1	1	2	0	1	2	1	1	4	1	1	1	4	1	2	3	5	1	1	2	2	3	2	0	1	3	1	2	4	0	2	1	0	2	5	2	1	0	2	2	1	0	0	4	2	3	0	4	4	1	2	1	0	0	0	2	3	3	0	2	1	1	2	4	1	1	2	1	1	6	4	0	0	0	0	2	4	3	0	0	0	3	2	2	2	2	1	2	2	1	2	2	6
C>A TCA	40	31	35	33	40	37	44	45	36	50	37	41	41	39	42	31	40	30	28	38	35	31	41	30	35	39	35	43	35	30	37	37	40	36	44	38	39	25	38	36	41	40	33	40	29	30	38	38	36	36	44	45	34	32	35	26	36	40	32	35	37	40	37	40	41	32	36	43	35	43	48	30	34	40	26	33	39	33	36	34	42	35	32	34	38	56	42	41	35	33	27	47	32	41	32	34	37	34	26	33
C>A TCC	20	16	15	12	16	16	16	14	15	11	12	18	11	9	16	10	16	9	15	17	16	10	9	10	20	20	12	11	13	24	15	14	9	11	10	12	16	18	23	14	16	14	14	18	8	13	15	10	16	11	15	16	11	16	13	15	26	14	14	15	13	11	16	16	17	14	14	13	24	21	10	12	17	11	13	12	13	22	17	19	18	19	15	14	21	13	19	14	19	14	10	11	16	11	11	11	14	7	16	19
C>A TCG	10	7	8	10	8	4	7	9	7	2	9	4	6	8	6	7	9	7	4	5	8	5	7	5	8	7	8	3	6	5	11	7	9	6	7	3	10	5	5	8	1	7	6	8	2	3	3	9	7	8	4	10	5	9	1	8	11	7	4	4	9	5	2	8	3	9	7	6	8	3	6	2	7	7	5	3	2	5	3	3	4	6	8	7	5	8	8	5	10	7	6	3	6	5	6	4	8	7	5	3
C>A TCT	19	23	12	13	20	16	16	16	12	11	24	17	17	21	25	12	15	20	20	13	19	28	18	15	17	21	18	8	15	16	18	22	13	24	23	11	20	12	21	22	24	17	28	20	18	20	19	22	20	21	16	12	28	16	23	15	19	12	17	20	14	25	17	15	19	26	14	13	12	27	20	17	22	27	14	25	19	13	13	10	16	22	17	24	22	23	17	22	13	21	17	17	22	23	23	21	28	22	17	17
C>G ACA	4	10	5	4	6	4	3	3	3	4	2	4	5	2	3	2	1	9	4	4	3	5	7	6	4	6	6	5	6	4	1	3	2	3	5	4	3	4	5	4	2	7	1	4	10	3	1	5	5	4	2	5	3	5	3	5	3	3	4	5	4	4	4	8	5	3	6	1	3	3	3	4	2	4	2	5	2	4	4	3	2	3	3	3	4	1	3	1	4	7	3	3	3	7	8	2	6	2	3	3
C>G ACC	3	0	1	1	3	3	0	1	3	2	0	0	0	4	1	1	3	0	1	0	1	4	2	4	1	2	3	3	4	3	1	1	0	1	2	2	2	1	1	3	4	2	1	0	2	0	1	0	1	0	3	0	0	1	0	0	1	1	1	1	1	0	3	2	1	3	2	1	2	1	1	2	0	2	3	2	1	3	3	4	0	3	3	0	3	2	2	5	3	2	3	1	0	2	3	1	2	6	2	1
C>G ACG	0	0	0	1	1	1	0	3	1	0	2	0	0	1	1	0	1	0	1	0	0	3	0	0	0	1	0	1	1	1	0	1	3	0	0	0	1	1	0	0	0	0	1	0	1	1	0	0	0	0	0	2	0	2	0	0	0	1	2	2	0	0	0	1	2	1	1	1	1	0	1	0	0	1	0	0	0	1	0	2	0	1	2	1	1	1	0	1	0	0	0	0	1	0	1	0	1	1	0	0
C>G ACT	4	3	6	5	5	7	6	5	7	4	2	5	3	1	1	6	4	5	9	7	7	7	6	6	4	3	3	2	7	4	3	4	4	3	5	7	2	6	1	4	3	7	7	1	6	2	7	5	3	4	3	3	3	7	9	4	4	5	4	5	2	4	6	8	1	4	5	1	4	3	5	2	2	2	5	2	3	5	3	9	4	5	7	5	6	3	1	4	5	2	3	5	2	5	8	7	5	4	2	1
C>G CCA	4	4	2	4	3	4	7	4	3	6	7	10	7	2	4	7	2	0	5	7	4	2	3	2	5	4	1	5	4	5	7	2	7	4	1	7	6	7	3	2	4	6	2	6	2	5	3	3	5	1	6	2	4	6	3	3	2	2	3	6	3	4	2	8	6	8	4	5	5	5	3	3	5	1	4	8	4	2	1	4	5	4	4	6	3	4	3	5	6	5	2	5	2	3	3	3	4	3	3	2
C>G CCC	1	3	2	5	1	0	3	0	2	1	6	0	3	1	1	2	3	4	2	2	2	2	3	2	1	0	1	5	3	4	5	0	5	3	0	6	1	5	1	2	1	3	1	2	6	2	3	3	3	4	0	2	2	1	2	1	4	3	2	1	2	3	0	0	3	0	3	4	1	1	2	2	2	2	5	1	4	1	6	2	6	2	0	2	1	1	2	1	5	0	2	1	2	3	2	2	3	2	2	3
C>G CCG	1	2	1	0	0	1	1	0	0	0	1	0	1	2	1	0	2	0	0	0	2	2	1	0	0	0	0	1	1	3	0	2	1	0	2	0	1	1	1	0	0	2	2	1	1	1	1	2	2	1	0	1	1	0	3	0	0	1	2	0	2	1	1	0	1	0	0	2	2	0	1	1	2	2	1	1	0	1	1	2	0	2	2	0	0	1	1	1	1	3	0	0	1	0	2	1	1	1	1	2
C>G CCT	3	8	3	8	7	9	8	3	6	3	4	5	4	5	6	3	3	4	2	6	7	6	3	7	6	3	4	3	6	6	5	5	3	3	5	4	9	7	3	5	3	2	6	5	3	6	3	2	6	1	4	6	4	1	6	8	8	6	4	3	7	10	2	5	9	2	6	5	3	6	8	3	5	2	6	5	6	4	4	8	8	3	6	8	9	4	8	4	5	5	4	2	2	7	3	3	8	3	6	5
C>G GCA	2	1	0	2	4	1	4	1	0	3	2	1	0	1	1	0	1	1	3	3	2	1	0	2	4	1	3	0	3	2	5	1	0	0	2	1	3	0	1	2	3	3	2	3	1	1	1	2	2	2	1	1	1	0	2	0	0	3	1	3	0	3	4	5	2	0	1	3	0	1	1	1	2	1	3	1	1	1	2	2	2	7	1	1	2	1	0	1	1	4	1	0	0	2	0	2	1	1	7	2
C>G GCC	1	0	0	3	1	2	5	2	1	2	1	1	2	2	1	0	2	3	2	0	1	3	0	0	0	0	4	0	2	4	3	0	1	1	2	1	0	0	0	1	0	3	0	0	2	0	2	0	3	2	3	1	0	0	2	0	4	3	0	1	1	0	1	1	3	0	0	4	0	1	3	3	2	2	1	0	1	2	3	0	1	3	1	1	2	2	4	0	3	1	0	0	2	2	2	1	0	1	2	2
C>G GCG	0	0	0	0	0	0	1	1	0	2	0	1	0	0	1	0	1	0	1	1	1	0	0	0	0	0	0	0	1	0	0	0	0	0	0	0	0	1	1	0	1	0	0	1	1	1	1	0	0	0	0	0	2	0	0	0	1	0	0	0	0	1	0	0	0	2	1	1	0	1	0	0	0	0	0	0	0	0	0	0	1	0	0	0	0	0	0	0	0	0	0	0	0	0	0	1	0	0	0	1
C>G GCT	1	0	4	3	3	0	4	3	2	7	7	1	3	2	4	4	6	3	1	4	2	5	2	3	7	6	4	5	3	3	1	4	5	1	3	0	4	3	3	3	3	3	5	2	1	1	3	2	1	6	2	4	2	3	1	3	4	1	4	3	1	0	4	1	6	2	4	0	1	5	5	3	2	2	5	2	4	4	2	2	2	2	2	2	7	4	3	4	2	3	3	7	4	2	1	3	0	6	1	2
C>G TCA	140	148	132	128	122	132	131	141	136	144	134	143	137	127	153	142	128	143	157	143	140	139	151	141	132	122	135	134	135	140	135	135	149	150	155	126	136	135	145	147	132	142	137	144	133	135	135	143	126	133	159	126	130	132	143	144	143	147	148	148	137	136	119	119	134	129	140	138	144	130	129	141	147	138	142	131	130	139	151	146	144	136	137	124	143	148	153	137	134	135	126	136	144	142	133	151	146	136	137	162
C>G TCC	29	18	30	26	38	17	33	32	33	33	36	32	26	32	27	40	19	25	39	29	30	20	31	33	31	35	22	26	28	21	21	32	35	35	22	29	35	29	24	34	24	24	30	35	30	32	30	21	34	22	24	26	26	28	23	39	29	29	28	30	37	34	34	26	23	25	28	38	21	22	30	26	30	36	30	31	33	33	28	32	20	31	38	24	33	30	30	32	31	24	35	22	37	35	27	32	26	28	28	26
C>G TCG	4	8	7	7	4	5	7	12	3	7	7	4	3	4	11	8	6	6	4	4	7	0	3	7	7	7	6	4	13	7	8	3	6	6	11	7	1	8	4	6	2	5	5	8	4	6	8	6	7	7	13	6	5	7	7	8	3	4	5	6	4	8	5	10	6	5	2	5	11	8	2	10	5	7	8	5	4	4	2	8	9	5	3	7	8	11	6	6	9	7	3	6	4	5	7	5	3	9	11	5
C>G TCT	172	169	170	170	178	170	173	157	170	161	166	145	174	165	179	167	167	155	159	173	173	170	152	163	172	169	150	181	173	170	164	156	148	148	157	182	157	165	165	173	175	173	167	164	160	158	165	179	158	155	172	172	178	171	195	155	169	152	150	187	161	154	172	184	159	159	175	143	173	179	177	179	163	164	181	188	169	169	171	168	172	167	166	184	160	143	183	178	154	175	166	167	162	169	161	171	153	170	162	175
C>T ACA	12	9	14	10	8	14	9	10	12	9	10	10	12	14	8	14	12	12	12	11	10	8	11	13	20	9	12	7	9	13	5	9	9	10	10	18	8	11	13	4	10	8	8	9	10	12	14	9	6	10	9	16	5	9	5	9	8	11	12	14	9	13	12	12	12	11	11	11	10	8	7	14	10	15	6	8	11	11	8	20	10	10	12	12	7	10	9	22	7	18	10	9	7	7	10	18	10	17	14	7
C>T ACC	3	5	3	6	2	6	4	3	8	10	5	6	4	6	7	3	5	3	10	3	2	1	9	2	6	4	2	8	6	4	4	2	4	4	5	8	5	7	2	5	8	4	2	3	7	2	6	0	5	6	4	5	2	8	3	3	4	5	3	3	4	1	6	6	7	5	10	6	2	3	3	3	3	2	3	4	8	7	8	3	4	8	4	7	2	4	2	2	6	7	7	2	4	6	5	3	4	9	5	5
C>T ACG	2	3	9	2	4	2	3	4	4	1	3	4	3	2	3	4	3	3	3	3	3	4	4	0	2	2	2	2	3	1	2	4	5	4	2	3	3	4	7	2	3	1	2	4	2	3	2	1	6	3	3	5	2	4	4	7	2	2	2	5	3	4	2	3	3	7	7	2	3	8	4	3	8	5	5	2	1	6	2	1	2	0	4	4	2	3	2	3	4	2	2	5	3	1	4	4	3	6	3	0
C>T ACT	5	12	6	7	6	6	8	4	5	6	2	3	12	9	4	10	6	6	6	6	3	9	4	4	3	6	3	4	9	4	7	7	4	5	3	5	4	2	4	6	9	4	4	4	3	2	8	7	8	8	3	6	7	6	5	6	6	2	7	5	7	7	4	8	5	8	7	6	5	2	4	7	9	5	7	2	4	8	8	7	7	9	6	8	6	3	6	5	3	10	10	2	8	4	9	5	5	4	5	5
C>T CCA	5	8	2	3	9	11	3	3	6	1	9	3	6	7	7	5	12	4	3	5	4	12	7	8	6	4	5	6	7	7	7	3	4	6	6	6	4	5	5	6	2	6	4	6	4	4	3	7	6	10	7	5	11	2	8	5	6	4	7	4	9	6	7	9	7	7	6	6	5	7	5	6	10	8	5	3	6	5	8	2	8	8	5	8	3	6	6	9	8	5	8	9	11	6	4	4	4	7	3	5
C>T CCC	9	2	1	8	5	6	6	4	4	4	3	3	4	6	3	3	4	6	5	5	2	0	10	8	5	4	5	5	5	9	4	5	6	9	6	5	4	6	6	2	3	8	5	3	7	7	7	4	8	4	3	2	8	7	3	5	6	2	5	3	6	5	7	4	5	5	6	10	8	2	3	6	2	5	4	5	6	4	5	4	3	7	6	2	5	4	7	6	2	2	4	1	7	9	6	11	2	0	5	2
C>T CCG	7	7	9	8	8	2	8	9	11	3	3	4	11	12	6	6	10	10	3	7	8	13	8	2	8	8	7	7	8	8	7	5	7	11	8	6	7	7	6	4	4	8	4	4	4	9	7	5	5	12	6	6	5	4	2	2	9	14	8	6	7	8	7	5	5	8	4	7	10	3	8	3	6	10	6	3	10	6	8	4	8	1	6	5	2	6	4	7	7	6	8	10	9	5	7	4	6	9	7	4
C>T CCT	6	4	8	5	7	9	7	8	7	7	11	4	11	9	1	6	7	5	4	6	4	7	6	9	5	4	3	8	6	9	8	10	8	8	5	5	7	9	3	9	1	6	4	7	5	8	5	5	5	8	7	4	7	12	9	6	6	3	7	8	5	5	8	7	8	4	9	12	8	5	8	2	9	3	3	6	3	8	8	9	7	11	10	1	10	5	7	5	9	4	8	3	8	5	6	12	2	2	8	7
C>T GCA	6	2	6	5	3	11	5	6	15	7	8	10	11	4	12	8	4	7	9	11	7	10	5	11	6	7	11	4	14	8	10	10	6	10	12	4	9	5	6	7	8	5	6	2	7	10	7	5	12	10	7	6	9	7	3	9	10	11	6	9	9	7	9	14	5	12	9	4	6	6	8	14	5	6	10	8	8	9	8	5	3	7	8	4	5	3	8	7	5	4	7	9	4	7	9	3	10	5	16	5
C>T GCC	6	3	4	11	5	8	4	3	2	5	6	5	5	9	7	5	5	3	3	6	3	5	5	7	5	1	9	4	5	9	6	3	6	5	4	4	7	7	4	2	1	2	5	3	7	5	2	5	3	3	4	5	2	1	5	3	5	8	7	3	8	8	4	4	4	4	4	9	4	5	6	3	4	6	2	4	4	5	6	5	6	10	6	3	7	3	7	6	10	3	12	5	5	7	8	5	6	7	3	10
C>T GCG	2	3	2	2	2	3	3	6	2	2	2	4	5	4	3	4	4	1	4	4	2	3	5	3	4	5	3	5	3	3	0	3	6	2	2	2	2	2	5	4	5	4	3	2	5	4	6	3	4	2	1	4	0	2	2	3	2	4	4	5	3	6	6	4	3	3	5	5	9	2	2	5	4	5	3	3	5	4	3	8	1	4	8	4	6	2	4	6	5	5	3	2	3	2	2	3	3	4	4	5
C>T GCT	3	8	4	6	5	6	4	5	5	3	8	3	2	8	1	4	2	2	7	2	1	2	4	7	0	5	5	4	3	4	5	5	7	5	5	8	2	5	3	6	5	4	5	7	6	9	3	9	5	7	3	4	4	10	4	5	3	3	8	7	2	3	3	6	6	4	6	7	3	8	9	3	5	4	1	4	3	2	7	4	2	5	7	2	2	3	5	5	6	4	3	6	2	3	3	3	5	6	3	7
C>T TCA	168	192	191	185	195	192	170	187	168	188	188	204	189	189	170	173	178	206	180	188	174	176	181	198	173	207	199	192	170	191	208	182	175	190	173	178	185	169	187	180	194	167	193	185	179	189	187	196	207	184	179	187	188	181	171	189	176	172	184	179	195	183	178	176	185	176	188	181	178	184	173	191	195	187	188	188	194	173	202	182	172	170	154	172	183	180	171	174	171	182	206	198	177	179	174	200	208	196	160	176
C>T TCC	33	40	50	34	41	36	43	64	42	25	35	32	32	45	43	41	37	46	52	34	45	39	40	45	38	38	36	45	48	39	34	51	33	32	36	38	42	46	43	40	38	31	39	44	47	40	38	33	35	40	41	23	56	44	52	44	26	43	44	31	36	34	58	28	41	37	30	50	42	45	38	39	35	43	36	39	38	42	30	41	52	32	39	28	41	38	27	38	43	29	47	39	56	42	48	34	30	42	44	44
C>T TCG	24	15	21	14	16	12	8	12	23	30	14	16	18	20	13	18	28	17	12	15	26	22	17	15	22	23	23	18	17	11	19	19	22	12	19	11	25	14	15	16	5	19	13	19	14	17	10	21	19	18	18	23	13	20	26	16	17	24	23	16	14	23	24	22	24	18	20	16	22	18	17	20	9	17	18	27	21	17	28	27	24	20	22	25	18	14	27	20	29	24	12	20	30	19	22	12	18	21	28	16
C>T TCT	112	112	106	106	87	99	106	88	119	103	105	95	81	103	104	100	110	103	99	91	119	90	108	81	97	108	123	103	100	105	85	116	115	105	99	110	104	121	102	100	117	102	113	94	115	104	104	119	112	106	99	115	95	113	86	114	110	117	117	101	121	109	97	108	100	111	96	103	98	90	104	107	110	100	115	105	116	122	93	96	102	104	97	113	104	111	95	92	106	100	86	101	103	106	116	84	105	91	103	101
T>A ATA	2	1	2	3	1	2	1	4	0	1	2	3	3	0	0	1	2	0	4	2	1	3	2	8	2	2	0	2	2	2	2	2	2	3	3	0	2	5	2	2	6	3	1	0	3	0	1	2	2	0	3	2	4	2	1	2	2	1	1	2	1	2	2	3	1	3	3	2	4	1	2	2	3	1	0	3	2	0	1	0	1	2	2	1	0	1	2	4	1	3	2	3	1	0	2	3	2	2	2	1
T>A ATC	1	0	0	1	2	4	2	1	4	4	3	3	2	0	3	4	1	3	1	1	4	1	3	2	4	2	3	0	2	0	0	4	1	3	0	0	1	2	4	5	3	1	3	3	4	2	4	3	1	3	2	1	2	0	4	3	3	1	2	5	2	2	2	3	1	4	3	2	0	3	0	2	0	1	1	2	2	2	4	2	1	4	5	4	1	2	2	1	1	2	3	3	2	3	4	0	2	4	2	0
T>A ATG	0	5	1	2	2	1	3	1	0	2	2	3	1	3	2	4	2	2	3	3	1	7	1	2	4	2	5	2	1	5	3	1	1	4	2	2	2	3	0	4	4	4	2	4	4	3	2	0	1	4	3	2	3	1	6	1	6	3	3	2	2	3	2	1	4	3	4	5	4	2	2	2	2	2	0	0	3	1	1	2	4	3	2	2	3	6	2	1	0	2	1	1	1	0	3	6	1	2	3	0
T>A ATT	1	3	1	2	1	1	5	0	1	4	3	1	1	5	2	1	2	1	4	2	1	0	0	4	2	3	3	2	0	1	0	2	2	1	0	1	0	0	0	1	2	1	2	2	3	3	2	2	3	2	2	1	1	5	0	1	0	0	3	1	3	1	1	3	0	4	0	2	3	2	0	1	3	3	2	1	1	1	2	0	0	3	0	3	4	3	2	1	3	2	6	0	0	2	2	2	1	0	3	0
T>A CTA	3	0	1	3	1	2	3	0	0	1	0	1	2	2	1	3	0	3	0	0	1	0	1	1	0	1	1	0	0	1	0	1	0	0	2	1	0	0	0	2	1	0	0	1	1	0	1	0	0	0	0	1	1	0	1	1	0	0	1	0	0	1	1	0	1	3	1	0	1	2	1	0	1	2	1	1	1	0	1	0	1	3	1	2	1	0	2	0	0	0	2	2	1	0	1	0	1	0	1	1
T>A CTC	1	0	1	2	2	2	1	2	1	1	0	3	0	2	0	1	0	4	3	3	2	3	2	0	2	2	1	1	0	2	2	2	0	0	4	0	0	1	3	0	1	2	2	0	2	2	3	0	2	0	1	0	3	2	4	3	2	1	1	2	2	2	2	1	1	1	2	2	2	0	0	2	2	1	1	0	1	0	0	0	0	0	1	1	0	2	2	0	0	5	3	1	2	1	1	1	1	3	1	2
T>A CTG	0	1	3	3	0	1	0	1	0	1	1	2	0	1	0	1	0	0	0	1	3	2	1	1	1	0	3	2	1	1	0	3	0	0	0	0	5	2	1	2	0	0	1	0	3	2	0	1	2	2	1	1	1	2	1	6	2	1	0	0	1	2	1	1	1	2	0	1	2	0	1	1	1	0	0	1	2	0	1	0	2	1	0	0	1	1	1	1	1	0	3	2	1	0	2	1	1	1	2	2
T>A CTT	3	1	0	2	0	0	0	1	2	1	1	2	2	3	1	1	2	0	1	0	1	2	2	1	3	0	0	1	2	1	0	2	0	0	0	1	2	1	2	0	1	4	1	0	2	1	3	0	2	1	0	1	0	2	3	0	3	1	0	1	0	2	2	0	1	1	1	1	1	1	0	1	1	1	0	0	2	0	2	0	1	2	3	1	4	1	0	6	2	1	2	2	0	1	2	0	3	2	2	4
T>A GTA	2	1	2	0	2	1	0	0	2	2	1	0	5	0	0	2	3	0	0	1	1	1	1	0	1	1	1	1	2	2	1	2	0	2	0	0	0	0	0	1	2	0	1	2	2	0	0	1	0	0	0	0	1	0	0	0	0	0	1	0	0	0	1	0	1	0	0	2	0	2	0	2	1	2	1	0	0	2	0	1	1	2	3	1	1	1	0	1	3	1	0	2	0	1	2	0	1	0	0	0
T>A GTC	0	0	0	0	0	1	1	0	0	1	0	0	1	1	1	1	1	0	0	2	1	1	1	1	1	1	0	2	0	0	0	1	1	0	1	1	0	0	1	0	1	2	1	0	0	0	1	1	1	0	0	0	0	0	1	0	2	2	2	1	1	4	3	1	3	0	0	0	2	0	0	0	0	1	1	4	1	1	0	0	0	0	0	1	3	0	1	1	0	1	0	1	0	1	0	0	0	0	0	0
T>A GTG	2	0	0	0	1	1	0	1	0	0	1	1	0	1	0	1	1	1	0	3	0	0	1	0	2	1	1	0	0	0	1	0	0	0	1	3	1	2	0	2	1	1	0	1	3	2	1	1	0	1	0	2	1	1	0	3	2	0	2	3	2	0	2	1	1	1	0	2	2	2	2	0	0	0	0	1	3	2	0	1	0	1	1	2	3	1	0	2	1	1	1	2	2	0	0	2	0	0	1	0
T>A GTT	2	1	2	2	0	0	0	0	2	0	2	0	1	0	1	3	1	0	0	2	0	2	0	1	3	1	1	1	1	2	0	2	2	1	2	1	1	1	0	2	0	0	1	1	0	2	2	2	0	2	1	0	1	1	1	1	0	3	2	0	1	0	2	1	0	2	1	1	0	2	2	0	0	0	0	0	1	1	0	1	0	1	1	3	1	2	2	1	1	1	3	3	1	0	0	0	1	2	1	2
T>A TTA	3	4	2	0	1	2	2	2	1	1	2	2	3	1	2	5	2	1	1	0	2	2	2	0	2	2	2	5	4	2	0	2	3	3	1	2	4	0	3	3	1	5	1	1	1	3	1	1	1	2	0	4	1	1	0	1	0	2	1	5	3	0	0	1	2	1	0	2	1	5	1	0	0	1	0	0	4	2	2	1	3	5	3	2	0	2	1	2	2	1	1	3	1	1	1	2	1	2	1	2
T>A TTC	2	1	4	2	1	1	3	1	3	1	1	0	2	0	0	0	2	0	0	2	2	1	1	1	1	1	0	1	0	0	1	2	3	2	2	0	0	2	1	1	1	1	2	2	1	0	1	0	2	2	2	0	0	0	2	2	1	2	1	2	0	1	4	1	2	1	1	1	2	0	1	0	1	1	0	0	2	1	0	1	0	1	1	3	0	2	0	0	1	0	0	3	2	0	1	0	2	0	1	0
T>A TTG	0	1	2	2	2	2	2	2	0	0	2	0	2	0	1	1	4	0	2	0	1	1	2	0	0	0	5	1	0	0	3	0	2	2	1	2	1	0	1	1	1	0	3	3	0	2	2	1	1	0	1	2	0	1	1	0	1	0	0	2	1	2	0	0	1	1	0	1	0	3	1	0	0	3	0	1	0	0	0	1	0	1	2	0	0	1	0	3	0	3	1	0	0	1	1	5	0	1	1	0
T>A TTT	3	1	3	2	1	3	2	1	0	2	4	1	1	2	1	4	1	1	2	2	0	3	0	6	3	2	2	1	0	3	1	2	3	1	0	2	1	1	2	3	1	5	2	4	2	2	4	0	2	2	1	1	3	2	1	3	1	5	3	3	1	3	1	1	3	3	2	2	2	5	3	4	0	4	1	2	1	2	1	2	1	1	4	5	2	3	2	0	3	1	2	1	3	2	1	3	2	1	2	0
T>C ATA	19	11	10	19	8	12	13	7	19	13	15	14	12	5	12	14	8	9	12	17	15	14	7	11	13	7	5	13	14	11	10	9	19	10	15	13	12	9	10	11	13	8	9	12	11	14	11	16	11	13	9	18	17	9	11	10	17	17	10	11	15	9	14	12	10	13	9	11	14	12	14	8	10	13	11	12	9	14	10	11	14	11	11	11	11	12	8	14	10	10	13	14	21	12	6	13	10	6	15	14
T>C ATC	3	3	2	1	5	3	2	5	3	3	5	7	1	3	3	3	1	2	2	2	4	4	1	5	1	5	4	4	1	2	4	4	3	4	1	6	4	5	3	1	4	4	6	4	4	5	5	3	2	4	2	2	1	4	5	4	5	6	5	3	1	1	4	1	2	5	1	3	6	1	6	2	3	3	3	5	2	3	2	3	6	1	7	5	1	3	2	1	3	3	3	3	0	5	4	3	2	3	5	7
T>C ATG	6	5	8	12	7	8	7	10	5	7	5	8	7	9	11	10	5	16	13	10	5	15	10	15	11	9	11	10	7	5	11	10	8	11	6	17	8	19	14	7	7	10	11	9	6	14	5	4	8	8	9	12	10	9	8	12	9	8	6	6	9	10	7	6	14	12	5	7	10	13	6	5	13	8	12	10	11	11	11	7	5	10	7	10	5	8	13	10	10	11	7	5	5	9	11	5	5	12	20	5
T>C ATT	12	7	6	9	10	10	6	10	3	10	12	6	7	10	6	9	7	10	7	10	9	8	8	9	13	10	7	2	11	7	12	14	12	8	15	9	5	12	12	8	10	12	10	11	17	7	9	6	5	11	7	14	9	10	9	14	6	7	7	6	14	15	9	10	7	8	10	15	14	5	15	7	5	11	12	13	6	5	4	10	6	7	9	10	12	9	9	11	9	10	9	9	5	7	12	9	16	9	14	14
T>C CTA	3	1	2	3	6	2	2	2	3	6	2	6	4	3	1	6	6	4	3	3	3	6	6	1	1	4	2	1	3	4	1	3	4	5	1	2	5	1	3	6	5	4	2	0	6	9	3	2	3	3	2	0	1	5	6	5	2	1	6	2	6	2	3	7	4	2	3	2	2	4	4	3	3	0	4	4	4	1	2	3	3	4	2	1	5	6	7	4	4	6	4	9	3	6	2	3	1	3	4	3
T>C CTC	4	2	3	3	3	3	2	1	4	2	2	2	1	0	2	3	5	3	3	2	5	2	3	1	1	3	4	2	2	3	4	2	4	3	1	1	1	5	2	3	4	2	3	5	4	3	1	2	0	2	4	2	1	1	2	4	1	2	0	0	2	1	2	5	7	2	1	4	3	1	2	1	3	2	5	1	2	6	2	3	2	4	6	1	3	2	3	1	1	1	4	2	3	1	4	3	0	4	4	2
T>C CTG	4	5	5	4	6	6	4	5	5	4	5	5	8	4	6	7	5	5	4	5	3	1	6	5	5	1	2	5	2	4	4	2	8	6	8	6	7	10	4	8	5	4	4	5	6	11	5	3	3	6	10	7	6	4	4	7	5	2	5	6	1	4	4	5	5	4	5	3	2	4	5	2	6	5	6	4	4	1	3	4	4	4	6	3	5	6	4	7	4	4	3	4	2	9	4	4	2	3	8	3
T>C CTT	5	3	4	2	2	4	4	5	3	2	1	3	4	3	4	6	4	2	2	1	5	3	5	0	7	5	3	4	2	5	2	2	7	4	9	4	7	1	7	3	3	5	3	0	4	3	2	6	7	2	4	3	7	4	3	2	0	1	2	1	1	2	4	0	4	5	4	2	4	4	3	4	6	6	2	4	3	3	5	1	7	5	2	3	2	3	2	1	3	2	5	7	3	0	2	1	4	5	4	6
T>C GTA	2	4	1	1	1	7	4	10	6	5	2	4	6	3	1	4	6	4	2	6	3	4	4	5	5	2	2	3	3	2	5	1	2	3	0	3	3	5	5	0	3	8	3	0	4	2	5	3	6	2	2	3	3	5	4	0	2	2	7	0	1	1	3	1	7	4	1	2	2	3	3	2	1	5	6	2	4	2	3	2	6	1	2	3	1	1	6	2	3	5	5	2	2	2	1	2	1	3	4	3
T>C GTC	2	4	6	2	0	2	3	0	0	2	0	3	4	3	2	1	1	2	1	3	3	2	4	1	1	0	1	2	0	2	1	5	0	0	3	1	3	2	3	2	0	0	1	1	0	0	2	2	1	5	3	1	4	3	2	0	3	3	1	1	1	0	2	5	2	1	0	1	2	1	0	2	2	2	0	5	2	3	2	1	1	4	6	0	1	2	4	2	1	2	1	4	2	2	0	1	0	1	1	0
T>C GTG	2	5	4	6	5	3	8	2	3	2	2	5	7	4	3	0	7	8	2	3	4	2	5	4	1	3	2	7	3	0	4	2	1	3	2	5	6	4	2	4	4	6	2	2	8	4	4	4	1	6	3	2	7	0	0	4	2	4	3	5	1	5	3	7	2	4	6	3	3	5	2	1	3	6	3	1	3	5	2	1	3	3	3	5	2	2	4	4	3	2	6	5	3	4	4	5	3	7	1	3
T>C GTT	1	1	4	3	3	4	5	3	3	4	2	5	2	4	3	2	3	3	2	4	2	5	4	5	1	3	3	2	4	4	7	1	3	6	2	3	1	1	4	6	0	4	2	3	3	2	6	1	1	7	2	1	4	0	4	0	4	3	2	1	9	2	2	3	3	3	2	0	3	1	2	3	1	2	5	4	4	4	6	4	1	4	4	5	2	2	4	3	1	3	3	5	3	3	6	3	5	3	3	1
T>C TTA	2	3	3	5	9	10	8	3	5	5	4	7	5	3	4	1	3	0	8	0	6	2	3	2	3	4	7	5	3	2	5	2	6	7	9	2	2	3	3	2	3	4	3	7	5	1	6	4	5	1	4	4	3	5	3	3	8	4	4	2	2	5	4	7	1	4	2	2	3	1	3	6	5	1	4	3	5	4	4	2	5	4	5	8	3	4	2	1	3	5	4	5	2	6	2	2	7	4	2	5
T>C TTC	2	3	3	4	2	2	1	4	2	5	2	2	1	1	3	3	3	2	1	2	2	0	1	4	4	2	1	4	3	0	2	1	1	3	1	1	2	2	2	1	2	3	2	1	4	2	7	1	3	3	1	3	4	1	3	0	4	2	4	3	0	4	1	2	2	1	4	2	1	1	4	2	2	4	1	5	2	2	1	3	3	2	1	3	4	0	0	2	2	1	2	1	1	3	1	1	3	2	2	2
T>C TTG	5	2	3	1	4	2	5	2	5	4	1	2	9	0	3	2	2	3	5	4	2	0	0	4	3	3	3	0	3	3	1	3	4	2	5	8	2	4	4	3	5	3	6	4	2	0	7	2	3	7	3	1	2	5	3	6	4	7	4	2	0	2	2	2	1	3	4	3	0	1	3	7	3	1	1	1	3	6	4	0	5	2	6	3	1	6	3	4	5	2	3	3	1	4	2	5	2	1	2	5
T>C TTT	2	3	2	9	8	6	2	6	7	6	6	2	3	5	6	4	6	5	5	9	3	9	6	4	8	5	2	8	5	3	5	3	7	7	8	9	6	2	4	1	6	3	4	7	5	4	5	3	4	9	6	5	5	4	4	4	8	5	6	3	4	3	5	2	2	7	8	5	3	8	6	5	5	2	5	6	6	3	3	5	6	7	1	4	4	7	8	4	7	11	5	2	6	1	4	5	9	2	6	3
T>G ATA	1	2	1	3	1	1	2	1	0	1	2	1	0	2	0	0	2	1	2	1	1	2	0	1	1	0	1	1	1	0	1	0	0	2	0	1	3	4	0	1	2	2	1	3	0	1	0	1	0	1	1	2	0	1	1	0	0	0	0	1	0	2	1	0	0	2	0	1	0	0	2	1	1	0	0	0	1	1	0	0	1	1	1	0	1	0	1	0	0	1	1	0	1	1	0	2	0	2	1	1
T>G ATC	0	2	0	0	0	1	0	1	2	0	1	2	0	1	1	0	1	1	1	1	0	2	0	0	1	1	1	0	1	0	1	0	1	0	1	0	0	0	0	0	0	2	1	1	0	0	1	1	0	1	0	0	0	0	1	0	0	0	0	0	0	0	0	0	1	1	1	2	0	0	0	2	0	0	1	2	0	1	1	1	0	0	1	0	0	0	0	3	0	0	1	0	0	0	1	2	0	1	1	0
T>G ATG	2	0	1	3	3	3	4	0	5	5	4	1	4	0	3	2	4	3	1	2	0	4	2	2	2	1	0	3	0	2	0	4	1	2	2	1	2	1	2	0	3	1	4	3	1	2	6	3	3	1	2	3	5	3	1	4	2	5	0	1	1	0	4	1	0	0	3	3	2	4	3	2	3	0	2	0	1	2	4	2	4	2	6	6	2	1	1	0	4	5	1	1	3	1	0	2	2	0	2	3
T>G ATT	3	1	0	1	1	1	3	0	2	1	0	0	4	2	3	1	0	2	0	0	1	0	1	0	4	1	4	0	3	1	2	0	1	3	2	0	2	0	0	1	1	2	1	0	2	2	0	1	0	1	2	2	0	0	0	0	1	0	0	1	1	1	1	1	0	3	3	3	4	0	1	2	0	1	0	1	1	2	1	1	0	1	0	1	4	1	1	1	1	1	3	1	0	1	0	1	1	4	1	2
T>G CTA	1	1	0	0	1	0	0	1	2	0	0	1	2	2	0	2	0	2	1	0	1	0	0	2	0	0	0	0	0	3	1	1	0	2	0	0	0	1	0	0	1	3	0	2	2	3	0	0	0	0	0	1	1	2	0	0	1	0	3	1	0	2	1	2	0	1	0	0	0	2	1	0	1	1	2	2	0	0	1	0	0	1	0	2	1	2	1	0	1	1	0	1	1	0	1	1	1	1	0	0
T>G CTC	4	3	5	2	2	2	0	1	0	0	0	1	0	0	3	0	3	2	0	1	1	1	2	0	2	0	3	0	0	1	1	0	3	0	1	2	1	0	5	2	2	2	0	2	1	0	0	1	1	2	3	1	1	3	3	3	0	2	1	1	2	0	0	2	2	1	0	2	0	0	1	1	3	0	1	2	1	0	0	1	2	2	1	0	1	0	0	0	3	0	2	0	1	3	2	1	2	0	1	2
T>G CTG	3	1	0	0	1	1	0	1	1	3	0	3	2	0	1	3	3	0	0	1	1	5	0	1	0	1	0	1	1	2	2	2	2	1	2	0	0	1	0	1	1	2	2	1	4	3	2	0	3	1	1	0	1	2	0	0	3	0	0	5	1	0	4	1	3	2	1	5	2	2	1	3	3	1	2	3	0	2	1	2	2	2	0	0	0	3	0	0	1	2	1	0	0	1	0	4	2	3	3	1
T>G CTT	0	3	2	4	1	3	0	0	2	0	3	5	1	2	2	5	1	1	0	5	0	1	4	1	2	1	2	1	3	4	4	1	0	1	2	2	3	4	3	2	2	3	3	1	1	2	1	3	2	0	1	6	2	0	1	4	1	4	2	0	1	0	2	2	0	1	1	1	1	1	4	3	0	3	3	2	0	2	1	4	3	2	2	1	2	7	1	2	1	2	2	3	2	0	2	1	2	3	2	2
T>G GTA	1	0	1	1	0	1	0	1	3	1	1	1	1	0	0	0	0	1	0	0	1	2	1	0	0	1	0	0	0	0	2	1	0	2	1	0	0	0	0	1	0	1	0	0	0	0	0	0	0	1	0	0	0	0	1	1	0	0	1	0	1	1	1	1	1	1	0	0	1	0	0	1	2	0	1	1	0	0	0	2	0	0	1	2	2	1	0	0	2	0	3	0	0	2	1	1	2	0	1	1
T>G GTC	0	2	1	0	1	1	1	1	0	2	0	0	0	0	1	1	1	0	1	0	0	0	0	0	0	0	0	0	1	1	1	1	0	1	0	0	0	0	0	0	0	0	1	0	0	0	0	0	1	0	1	0	0	0	0	0	0	0	0	0	0	0	0	0	0	0	1	0	0	1	1	1	0	1	0	1	2	1	0	1	0	1	0	0	0	0	0	0	0	1	2	0	0	1	0	2	1	0	0	0
T>G GTG	2	0	1	1	0	2	3	1	1	0	0	1	1	3	2	1	0	3	1	0	3	2	2	2	0	0	1	1	1	2	3	1	1	1	1	1	0	1	1	1	1	0	1	2	1	0	2	2	0	0	2	1	2	0	2	0	3	3	0	1	3	0	1	0	1	1	2	1	2	1	1	0	0	0	0	1	0	0	1	2	4	1	3	0	1	1	2	1	2	0	1	1	2	3	0	0	3	0	2	2
T>G GTT	0	0	0	1	1	0	1	3	0	0	0	1	1	0	0	1	0	0	1	0	0	1	0	3	1	0	0	0	1	0	1	0	1	0	0	0	0	1	1	1	1	0	0	0	0	0	0	0	1	0	1	0	0	0	0	0	0	1	0	1	0	1	0	0	0	1	0	1	0	0	1	3	0	0	0	2	0	0	0	0	0	0	1	0	1	2	1	0	0	1	1	0	0	2	0	1	0	0	0	0
T>G TTA	1	0	1	1	1	2	0	2	0	1	1	2	0	1	2	1	3	2	3	2	0	0	2	2	1	0	3	0	0	2	0	2	1	2	4	1	1	0	2	2	1	0	0	2	1	0	0	0	1	2	1	0	0	0	0	0	0	2	1	1	3	4	0	0	2	1	1	2	0	3	0	2	3	0	2	2	1	1	2	1	1	1	0	2	1	1	2	1	1	2	1	3	5	0	1	0	0	1	1	0
T>G TTC	0	2	0	1	1	1	1	2	1	0	2	2	2	4	2	2	3	2	1	1	0	1	1	3	1	1	2	2	3	1	1	1	2	3	0	1	4	0	0	1	2	2	2	1	1	4	2	1	0	1	1	1	1	0	1	1	1	3	1	1	3	1	1	0	3	3	1	3	1	2	4	4	2	2	1	0	0	2	2	2	0	0	0	1	2	3	2	2	1	2	3	2	0	1	1	4	1	1	1	3
T>G TTG	2	1	0	0	3	4	0	1	1	0	1	2	0	2	1	0	1	2	1	2	4	0	2	2	2	2	2	3	3	3	3	0	5	0	1	2	2	0	4	3	0	4	3	2	3	4	2	2	2	2	1	2	0	6	1	1	2	3	3	1	0	3	0	0	2	2	5	0	1	1	2	3	0	1	2	0	0	0	1	4	0	0	2	3	0	1	2	2	0	1	3	0	0	0	1	4	0	0	0	2
T>G TTT	1	3	5	5	3	4	4	4	1	3	4	4	2	4	3	2	3	2	3	1	5	3	3	3	2	2	7	6	3	5	6	3	2	3	5	2	3	1	5	3	4	2	4	5	2	4	2	5	1	8	5	2	3	3	4	0	1	5	2	1	7	2	5	3	4	3	3	3	2	3	3	4	2	2	3	5	0	3	5	4	3	2	5	6	3	5	6	1	6	3	5	1	3	6	1	2	1	5	3	3
