Sample	SBS1	SBS29	SBS18	SBS40	SBS20	SBS15	SBS10b	SBS28	SBS6	SBS13	SBS4	SBS17a	SBS17b	SBS5	SBS2
TCGA-05-4249-01A-01D-1105-08	17	0	0	0	0	0	0	0	0	20	224	0	0	118	12
TCGA-05-4382-01A-01D-1931-08	21	0	0	0	0	0	0	0	0	107	1491	0	0	272	111
TCGA-05-4390-01A-02D-1753-08	11	0	0	0	0	0	0	0	0	0	499	0	0	167	0
TCGA-05-4405-01A-21D-1855-08	16	0	0	0	0	0	0	0	0	21	270	0	0	159	0
TCGA-05-4410-01A-21D-1855-08	15	0	0	0	0	0	0	0	0	78	899	0	0	307	78
TCGA-05-4424-01A-22D-1855-08	22	0	0	0	0	0	0	0	0	75	587	0	0	175	49
TCGA-05-5428-01A-01D-1625-08	19	0	0	254	0	0	0	0	0	43	0	0	0	0	75
TCGA-05-5715-01A-01D-1625-08	17	0	0	0	0	0	0	0	0	54	0	0	0	44	36
TCGA-17-Z007-01A-01W-0746-08	39	0	0	44	0	0	0	0	0	0	0	0	0	10	0
TCGA-17-Z010-01A-01W-0746-08	12	0	0	0	0	0	0	0	0	15	244	0	0	50	30
TCGA-17-Z014-01A-01W-0746-08	12	0	0	0	0	0	0	0	0	22	245	0	0	167	25
TCGA-17-Z015-01A-01W-0746-08	54	0	0	0	0	0	0	0	0	0	350	0	0	234	0
TCGA-17-Z016-01A-01W-0746-08	10	0	0	0	0	0	0	0	0	0	230	0	0	127	0
TCGA-17-Z031-01A-01W-0746-08	33	0	0	473	0	0	0	0	0	0	1702	32	131	448	0
TCGA-17-Z037-01A-01W-0746-08	69	0	0	98	0	0	0	0	0	0	0	0	0	0	0
TCGA-17-Z053-01A-01W-0747-08	10	0	0	0	0	0	0	0	0	21	162	0	0	162	15
TCGA-35-3615-01A-01D-1040-01	13	0	0	73	0	0	0	0	0	15	0	0	0	0	28
TCGA-38-4625-01A-01D-1553-08	14	0	0	0	0	0	0	0	0	61	492	0	0	92	74
TCGA-44-2656-01A-41D-A27T-08	18	0	0	0	0	0	0	0	0	0	738	0	0	284	0
TCGA-44-2657-01A-01D-1105-08	18	0	0	0	0	0	0	0	0	25	300	0	0	129	24
TCGA-44-3918-01A-01D-A271-08	10	0	0	0	0	0	0	0	0	63	816	0	0	198	34
TCGA-44-4112-01A-31D-A27T-08	18	0	0	0	0	0	0	0	0	61	350	0	0	120	49
TCGA-44-5644-01A-21D-2036-08	20	0	0	0	0	0	0	0	0	0	834	0	0	322	0
TCGA-44-6145-01A-11D-1753-08	10	0	0	126	0	0	0	0	0	0	249	0	0	0	0
TCGA-44-7667-01A-31D-2063-08	20	0	0	0	0	0	0	0	0	0	317	0	0	220	0
TCGA-44-7670-01A-11D-2063-08	13	0	0	0	0	0	0	0	0	101	922	0	0	230	80
TCGA-44-8117-01A-11D-2238-08	17	0	0	0	0	0	0	0	0	0	620	0	0	234	0
TCGA-44-8119-01A-11D-2238-08	21	0	0	0	0	0	0	0	0	0	411	0	0	301	0
TCGA-44-A47A-01A-21D-A24D-08	13	0	0	0	0	0	0	0	0	71	0	0	0	127	31
TCGA-49-4488-01A-01D-1753-08	10	0	0	257	0	0	0	0	0	0	0	0	0	0	11
TCGA-49-4505-01A-01D-1931-08	22	0	0	0	0	0	0	0	0	10	155	0	0	71	12
TCGA-49-4507-01A-01D-1265-08	15	0	0	0	0	0	0	0	0	21	100	0	0	84	26
TCGA-49-6745-01A-11D-1855-08	18	0	0	0	0	0	0	0	0	44	0	0	0	68	44
TCGA-49-AAR9-01A-21D-A410-08	13	0	0	0	0	0	0	0	0	0	544	0	0	231	0
TCGA-49-AARN-01A-21D-A410-08	10	0	0	565	0	0	0	0	0	0	0	54	104	0	118
TCGA-50-5933-01A-11D-1753-08	22	0	0	0	0	0	0	0	0	21	377	0	0	198	27
TCGA-50-6673-01A-11D-1945-08	10	0	0	0	0	0	0	0	0	0	0	0	0	41	0
TCGA-53-7624-01A-11D-2063-08	10	0	0	0	0	0	0	0	0	80	551	0	0	274	80
TCGA-55-6712-01A-11D-1855-08	11	0	0	0	0	0	0	0	0	59	0	0	0	90	42
TCGA-55-6981-01A-11D-1945-08	10	0	0	0	0	0	0	0	0	0	0	0	0	0	0
TCGA-55-7227-01A-11D-2036-08	11	0	0	0	0	0	0	0	0	0	102	0	0	73	0
TCGA-55-7283-01A-11D-2036-08	28	0	0	0	0	0	0	0	0	35	0	0	0	157	27
TCGA-55-7576-01A-11D-2063-08	19	0	0	0	0	0	0	0	0	0	274	0	0	210	0
TCGA-55-7726-01A-11D-2167-08	18	0	0	0	0	0	0	0	0	49	0	0	0	45	28
TCGA-55-7903-01A-11D-2167-08	16	0	0	0	0	0	0	0	0	10	0	0	0	106	13
TCGA-55-7907-01A-11D-2167-08	19	0	0	0	0	0	0	0	0	133	889	0	0	263	101
TCGA-55-7910-01A-11D-2167-08	16	0	0	0	0	0	0	0	0	0	236	0	0	114	0
TCGA-55-7913-01B-11D-2238-08	16	0	0	0	0	0	0	0	0	25	238	0	0	125	20
TCGA-55-8085-01A-11D-2238-08	13	0	0	0	0	0	0	0	0	59	0	0	0	146	60
TCGA-55-8089-01A-11D-2238-08	17	0	0	0	0	0	0	0	0	220	760	0	0	316	211
TCGA-55-8092-01A-11D-2238-08	17	0	0	0	0	0	0	0	0	46	0	0	0	403	102
TCGA-55-8094-01A-11D-2238-08	23	0	0	405	0	0	0	0	0	0	0	0	0	0	0
TCGA-55-8203-01A-11D-2238-08	22	0	0	0	0	0	0	0	0	0	359	0	0	135	0
TCGA-55-8207-01A-11D-2238-08	15	0	0	0	0	0	0	0	0	0	227	0	0	130	0
TCGA-55-8506-01A-11D-2393-08	315	0	0	0	0	0	0	0	0	0	0	0	0	1278	0
TCGA-55-8507-01A-11D-2393-08	12	0	0	0	0	0	0	0	0	0	794	0	0	356	0
TCGA-55-8511-01A-11D-2393-08	16	0	0	0	0	0	0	0	0	29	418	0	0	175	57
TCGA-55-8514-01A-11D-2393-08	19	0	0	0	0	0	0	0	0	0	227	0	0	95	0
TCGA-55-8616-01A-11D-2393-08	24	0	0	0	0	0	0	0	0	0	432	0	0	129	0
TCGA-55-8620-01A-11D-2393-08	20	0	0	0	0	0	0	0	0	0	345	0	0	229	0
TCGA-55-A48Y-01A-11D-A24D-08	22	0	0	0	0	0	0	0	0	169	0	0	0	70	185
TCGA-55-A490-01A-11D-A24D-08	12	0	0	0	0	0	0	0	0	68	1163	0	0	296	56
TCGA-55-A492-01A-11D-A24D-08	10	0	0	0	0	0	0	0	0	0	190	0	0	154	0
TCGA-55-A493-01A-11D-A24D-08	11	0	0	0	0	0	0	0	0	33	153	0	0	83	52
TCGA-55-A494-01A-11D-A24P-08	33	0	0	0	0	0	0	0	0	0	152	0	0	96	0
TCGA-55-A4DF-01A-11D-A24D-08	10	0	0	0	0	0	0	0	0	318	0	0	0	357	273
TCGA-62-8399-01A-21D-2323-08	18	0	0	0	0	0	0	0	0	145	0	0	0	289	94
TCGA-62-A46O-01A-11D-A24D-08	16	0	0	0	0	0	0	0	0	80	602	0	0	281	78
TCGA-62-A46P-01A-11D-A24D-08	14	0	0	0	0	0	0	0	0	0	238	0	0	91	0
TCGA-64-1676-01A-01D-0969-08	14	0	0	0	0	0	0	0	0	0	524	0	0	190	0
TCGA-64-5775-01A-01D-1625-08	12	0	0	0	0	0	0	0	0	0	378	0	0	168	0
TCGA-64-5779-01A-01D-1625-08	12	0	0	0	0	0	0	0	0	0	244	0	0	133	0
TCGA-67-6217-01A-11D-1753-08	17	0	0	177	0	0	0	0	0	0	0	0	0	0	0
TCGA-69-7973-01A-11D-2184-08	14	0	0	0	0	0	0	0	0	0	200	0	0	71	0
TCGA-69-7974-01A-11D-2184-08	14	0	0	0	0	0	0	0	0	25	365	0	0	204	0
TCGA-69-7979-01A-11D-2184-08	16	0	0	0	0	0	0	0	0	0	1347	0	0	371	0
TCGA-69-A59K-01A-11D-A25L-08	33	0	0	0	0	0	0	0	0	22	451	0	0	81	30
TCGA-73-4670-01A-01D-1265-08	11	0	0	239	0	0	0	0	0	0	0	0	0	109	0
TCGA-75-6214-01A-41D-1945-08	10	0	0	0	0	0	0	0	0	106	418	0	0	250	94
TCGA-78-7154-01A-11D-2036-08	26	0	0	0	0	0	0	0	0	63	0	0	0	183	59
TCGA-78-7159-01A-11D-2036-08	14	0	0	0	0	0	0	0	0	0	228	0	0	114	0
TCGA-78-7161-01A-11D-2036-08	11	0	0	0	0	0	0	0	0	0	123	0	0	78	0
TCGA-78-7167-01A-11D-2063-08	11	0	0	0	0	0	0	0	0	23	0	0	0	76	19
TCGA-78-7536-01A-11D-2063-08	32	0	0	540	0	0	0	0	0	0	0	0	0	0	0
TCGA-78-7539-01A-11D-2063-08	11	0	0	0	0	0	0	0	0	203	0	0	0	279	113
TCGA-78-7540-01A-11D-2063-08	11	0	0	0	0	0	0	0	0	0	0	0	0	0	0
TCGA-78-7542-01A-21D-2063-08	12	0	0	0	0	0	0	0	0	10	281	0	0	107	33
TCGA-78-8640-01A-11D-2393-08	14	0	0	0	0	0	0	0	0	76	400	0	0	342	60
TCGA-86-8278-01A-11D-2284-08	12	0	0	0	0	0	0	0	0	53	0	0	0	24	54
TCGA-86-8358-01A-11D-2323-08	19	0	0	0	0	0	0	0	0	0	832	0	0	482	0
TCGA-86-A4JF-01A-11D-A24P-08	14	0	0	0	0	0	0	0	319	76	0	0	0	1023	60
TCGA-91-6836-01A-21D-1855-08	10	0	0	0	0	0	0	0	0	0	397	0	0	180	0
TCGA-91-A4BC-01A-11D-A24D-08	15	0	0	0	0	0	0	0	0	0	357	0	0	167	0
TCGA-93-8067-01A-11D-2284-08	16	0	0	0	0	0	0	0	0	239	0	0	0	169	243
TCGA-95-7043-01A-11D-1945-08	22	0	0	0	0	0	0	0	0	0	980	0	0	309	0
TCGA-95-7562-01A-11D-2238-08	17	0	0	0	0	0	0	0	0	0	361	0	0	74	0
TCGA-95-7948-01A-11D-2184-08	12	0	0	0	0	0	0	0	0	79	0	0	0	17	74
TCGA-95-8494-01A-11D-2323-08	19	0	0	0	0	0	0	0	0	29	0	0	0	44	39
TCGA-95-A4VK-01A-11D-A25L-08	16	0	0	0	0	0	0	0	0	0	196	0	0	92	0
TCGA-97-7554-01A-11D-2036-08	10	0	0	0	0	0	0	0	0	0	345	0	0	199	0
TCGA-97-8172-01A-11D-2284-08	21	0	0	0	0	0	0	0	0	0	175	0	0	117	0
TCGA-99-8025-01A-11D-2238-08	12	0	0	0	0	0	0	0	0	87	0	0	0	331	67
TCGA-99-8032-01A-11D-2238-08	18	0	0	0	0	0	0	0	0	19	286	0	0	132	13
TCGA-L9-A7SV-01A-11D-A397-08	24	0	0	0	0	0	0	0	0	0	1656	0	0	281	0
TCGA-MN-A4N1-01A-11D-A24P-08	22	0	0	0	0	0	0	0	0	25	330	0	0	180	10
TCGA-MN-A4N4-01A-12D-A24P-08	13	0	0	0	0	0	0	0	0	210	1076	0	0	326	195
TCGA-MP-A4TI-01A-21D-A24P-08	16	0	0	138	0	0	0	0	0	57	0	0	0	0	101
LC_C8	28	0	0	0	0	0	0	0	0	12	0	0	0	119	0
LC_S12	26	0	0	0	0	0	0	0	0	0	0	0	0	107	0
H23	25	0	0	0	0	0	0	0	0	21	103	0	0	85	0
H358	11	0	0	0	0	0	0	0	0	15	121	0	0	77	0
LUAD-74TBW	23	0	0	0	0	0	0	0	0	21	208	0	0	102	0
LUAD-B00416	15	0	0	0	0	0	0	0	0	0	615	0	0	301	0
LUAD-B00523	14	0	0	0	0	0	0	0	0	0	351	0	0	144	0
LUAD-B00859	19	0	0	0	0	0	0	0	0	0	210	0	0	123	0
LUAD-B01145	28	0	0	0	0	0	0	0	0	0	152	0	0	91	0
LUAD-B02216	20	0	0	0	0	0	0	0	0	0	277	0	0	154	0
LUAD-B02515	12	0	0	0	0	0	0	0	0	10	163	0	0	110	12
LUAD-B02594	24	0	0	0	0	0	0	0	0	0	534	0	0	172	0
LUAD-CHTN-3090346	28	0	0	0	0	0	0	0	0	57	0	0	0	307	66
LUAD-CHTN-MAD04-00674	19	0	0	0	0	26	0	0	0	0	0	0	0	63	0
LUAD-CHTN-MAD06-00668	26	0	0	0	0	0	0	0	0	102	1443	0	0	551	56
LUAD-CHTN-Z4716A	15	0	0	0	0	0	0	0	0	0	723	0	0	410	0
LUAD-D01603	10	0	0	0	0	0	0	0	0	0	546	0	0	267	0
LUAD-E00897	22	0	0	0	0	0	0	0	0	38	272	0	0	135	130
LUAD-F00121	17	0	0	0	0	0	0	0	0	0	217	0	0	68	0
LUAD-F00162	34	0	0	0	0	0	0	0	0	17	426	0	0	174	29
LUAD-F00257	18	0	0	0	0	0	0	0	0	16	115	0	0	134	0
LUAD-F00282	18	0	0	0	0	0	0	0	0	55	263	0	0	140	31
LUAD-F00365	16	0	0	0	0	0	0	0	0	21	257	0	0	188	0
LUAD-F00368	18	0	0	0	0	0	0	0	0	44	474	0	0	218	32
LUAD-LIP77	11	0	0	0	0	0	0	0	0	68	291	0	0	132	38
LUAD-NYU1021	12	0	0	0	0	0	0	0	0	24	112	0	0	77	0
LUAD-NYU1101	11	0	0	0	0	0	0	0	0	0	66	0	0	59	0
LUAD-NYU201	21	0	0	0	0	0	0	0	0	12	122	0	0	73	16
LUAD-NYU284	20	0	0	0	0	0	0	0	0	118	436	0	0	179	62
LUAD-RT-S01477	17	0	0	0	0	0	0	0	0	58	140	0	0	88	75
LUAD-RT-S01702	182	0	0	0	0	0	0	0	250	0	0	0	0	158	0
LUAD-RT-S01721	13	0	0	0	0	0	0	0	0	0	229	0	0	171	0
LUAD-RT-S01774	16	0	0	0	0	0	0	0	0	10	231	0	0	105	17
LUAD-RT-S01777	34	0	0	0	0	0	0	0	0	0	490	0	0	238	0
LUAD-RT-S01831	20	0	0	0	0	0	0	0	0	49	146	0	0	91	24
LUAD-S01306	18	0	0	0	0	0	0	0	0	17	208	0	0	131	32
LUAD-S01315	23	0	0	0	0	0	0	0	0	569	963	0	0	272	293
LUAD-S01357	18	0	0	0	0	0	0	0	0	79	1045	0	0	490	50
LUAD-S01409	11	0	0	0	0	0	0	0	0	36	326	0	0	251	27
LUAD-S01413	17	0	0	0	0	0	0	0	0	0	284	0	0	118	0
LUAD_E00522	26	0	0	0	0	0	0	0	0	135	763	0	0	234	86
LUAD_E00565	13	0	0	0	0	0	0	0	0	87	403	0	0	231	73
LUAD_E00623	15	0	0	0	0	0	0	0	0	0	566	0	0	305	0
23D-T	17	0	0	0	0	0	0	0	0	0	0	0	0	1036	0
25D-T	32	0	0	0	0	0	0	0	0	0	0	0	0	1661	0
28D-T	66	0	0	0	0	0	0	0	0	0	0	0	0	1654	0
2D-T	51	0	0	0	0	0	0	0	0	0	0	0	0	819	0
31D-T	2877	0	0	0	0	0	0	0	0	0	0	0	0	32393	0
36D-T	40	0	0	0	0	0	0	0	0	0	0	0	0	1388	0
40D-T	75	0	0	0	0	0	0	0	0	0	0	0	0	1230	0
41D-T	23	0	0	0	0	0	0	0	0	0	0	0	0	830	0
5D-T	20	0	0	0	0	0	0	0	0	0	0	0	0	947	0
KU-18T	39	0	0	0	0	0	0	0	0	51	0	0	0	928	16
KU-1T	10	0	0	0	0	0	0	0	0	0	0	0	0	780	0
KU-25T	34	0	0	0	0	0	0	0	0	0	0	0	0	751	0
KU-32T	41	0	0	0	0	0	0	0	0	0	0	0	0	1174	0
KU-4T	47	0	0	0	0	0	0	0	0	0	0	0	0	1360	0
TCGA-97-7937-01A-11D-2167-08	0	179	0	0	0	0	0	0	0	0	0	0	0	246	0
TCGA-78-8660-01A-11D-2393-08	0	0	85	0	0	0	0	0	0	21	0	0	0	155	24
TCGA-17-Z033-01A-01W-0746-08	0	0	0	149	0	0	0	0	0	0	0	0	0	0	25
TCGA-64-1681-01A-11D-2063-08	0	0	0	45	0	0	0	0	0	16	0	0	0	12	12
TCGA-55-6980-01A-11D-1945-08	0	0	0	0	17	0	0	0	0	0	0	0	0	0	0
TCGA-75-7025-01A-12D-1945-08	0	0	0	0	0	10	0	0	0	0	0	0	0	18	0
TCGA-95-7567-01A-11D-2063-08	0	0	0	0	0	182	0	0	0	0	0	0	0	801	0
TCGA-78-7163-01A-12D-2063-08	0	0	0	0	0	0	10	0	0	0	0	0	0	12	0
LUAD-B01970	0	0	0	0	0	0	0	49	0	27	0	26	44	105	37
TCGA-05-4250-01A-01D-1105-08	0	0	0	0	0	0	0	0	0	24	203	0	0	162	29
TCGA-05-4402-01A-01D-1265-08	0	0	0	0	0	0	0	0	0	55	0	0	0	60	41
TCGA-05-5425-01A-02D-1625-08	0	0	0	0	0	0	0	0	0	37	406	0	0	246	0
TCGA-17-Z022-01A-01W-0746-08	0	0	0	0	0	0	0	0	0	114	882	0	0	395	126
TCGA-17-Z023-01A-01W-0746-08	0	0	0	0	0	0	0	0	0	42	195	0	0	215	15
TCGA-17-Z026-01A-01W-0746-08	0	0	0	0	0	0	0	0	0	295	0	0	0	481	311
TCGA-17-Z028-01A-01W-0746-08	0	0	0	0	0	0	0	0	0	38	311	0	0	216	32
TCGA-17-Z045-01A-01W-0746-08	0	0	0	0	0	0	0	0	0	35	525	0	0	253	0
TCGA-17-Z049-01A-01W-0746-08	0	0	0	0	0	0	0	0	0	30	440	0	0	183	23
TCGA-17-Z056-01A-01W-0747-08	0	0	0	0	0	0	0	0	0	52	276	0	0	239	65
TCGA-17-Z059-01A-01W-0747-08	0	0	0	0	0	0	0	0	0	19	109	0	0	44	19
TCGA-35-5375-01A-01D-1625-08	0	0	0	0	0	0	0	0	0	27	214	0	0	239	17
TCGA-38-4626-01A-01D-1553-08	0	0	0	0	0	0	0	0	0	15	240	0	0	66	0
TCGA-44-2662-01A-01D-A271-08	0	0	0	0	0	0	0	0	0	89	0	0	0	116	67
TCGA-44-2668-01A-01D-A271-08	0	0	0	0	0	0	0	0	0	30	271	0	0	94	38
TCGA-44-6144-01A-11D-1753-08	0	0	0	0	0	0	0	0	0	14	146	0	0	99	0
TCGA-44-6777-01A-11D-1855-08	0	0	0	0	0	0	0	0	0	48	0	0	0	293	53
TCGA-44-7660-01A-11D-2063-08	0	0	0	0	0	0	0	0	0	33	166	0	0	267	0
TCGA-44-7661-01A-11D-2063-08	0	0	0	0	0	0	0	0	0	45	237	0	0	71	23
TCGA-44-7662-01A-11D-2063-08	0	0	0	0	0	0	0	0	0	43	393	0	0	216	37
TCGA-44-A4SS-01A-11D-A24P-08	0	0	0	0	0	0	0	0	0	43	285	0	0	227	25
TCGA-49-4487-01A-21D-1855-08	0	0	0	0	0	0	0	0	0	42	247	0	0	128	24
TCGA-49-4514-01A-21D-1855-08	0	0	0	0	0	0	0	0	0	61	0	0	0	226	58
TCGA-49-6743-01A-11D-1855-08	0	0	0	0	0	0	0	0	0	115	0	0	0	562	108
TCGA-49-6761-01A-31D-1945-08	0	0	0	0	0	0	0	0	0	36	0	0	0	94	47
TCGA-49-6767-01A-11D-1855-08	0	0	0	0	0	0	0	0	0	25	407	0	0	147	15
TCGA-49-AAR4-01A-12D-A410-08	0	0	0	0	0	0	0	0	0	58	411	0	0	164	59
TCGA-49-AARE-01A-11D-A410-08	0	0	0	0	0	0	0	0	0	46	1139	0	0	375	57
TCGA-49-AARQ-01A-11D-A410-08	0	0	0	0	0	0	0	0	0	51	583	0	0	167	50
TCGA-50-5044-01A-21D-1855-08	0	0	0	0	0	0	0	0	0	70	0	0	0	56	52
TCGA-50-5066-01A-01D-1625-08	0	0	0	0	0	0	0	0	0	14	170	0	0	144	13
TCGA-50-5931-01A-11D-1753-08	0	0	0	0	0	0	0	0	0	16	196	0	0	141	0
TCGA-50-5935-01A-11D-1753-08	0	0	0	0	0	0	0	0	0	29	0	0	0	57	32
TCGA-50-5936-01A-11D-1625-08	0	0	0	0	0	0	0	0	0	27	0	0	0	80	32
TCGA-50-5941-01A-11D-1753-08	0	0	0	0	0	0	0	0	0	28	283	0	0	167	12
TCGA-50-5946-01A-11D-1753-08	0	0	0	0	0	0	0	0	0	94	0	0	0	456	61
TCGA-50-6590-01A-12D-1855-08	0	0	0	0	0	0	0	0	0	124	597	0	0	270	85
TCGA-50-6594-01A-11D-1753-08	0	0	0	0	0	0	0	0	0	32	433	0	0	139	24
TCGA-55-1592-01A-01D-0969-08	0	0	0	0	0	0	0	0	0	36	249	0	0	369	28
TCGA-55-1594-01A-01D-1040-01	0	0	0	0	0	0	0	0	0	41	0	0	0	131	32
TCGA-55-5899-01A-11D-1625-08	0	0	0	0	0	0	0	0	0	53	283	0	0	125	64
TCGA-55-6968-01A-11D-1945-08	0	0	0	0	0	0	0	0	0	235	0	0	0	230	194
TCGA-55-7570-01A-11D-2036-08	0	0	0	0	0	0	0	0	0	72	180	0	0	192	29
TCGA-55-7574-01A-11D-2036-08	0	0	0	0	0	0	0	0	0	88	0	0	0	186	53
TCGA-55-7727-01A-11D-2167-08	0	0	0	0	0	0	0	0	0	45	0	0	0	153	60
TCGA-55-7911-01A-11D-2167-08	0	0	0	0	0	0	0	0	0	15	143	0	0	104	0
TCGA-55-7995-01A-11D-2184-08	0	0	0	0	0	0	0	0	0	49	424	0	0	289	53
TCGA-55-8205-01A-11D-2238-08	0	0	0	0	0	0	0	0	0	125	0	0	0	341	73
TCGA-55-8208-01A-11D-2238-08	0	0	0	0	0	0	0	0	0	106	0	0	0	240	90
TCGA-55-8301-01A-11D-2284-08	0	0	0	0	0	0	0	0	0	24	153	0	0	147	0
TCGA-55-8510-01A-11D-2393-08	0	0	0	0	0	0	0	0	0	24	257	0	0	87	11
TCGA-55-A48X-01A-11D-A24D-08	0	0	0	0	0	0	0	0	0	20	294	0	0	121	14
TCGA-55-A491-01A-11D-A24D-08	0	0	0	0	0	0	0	0	0	19	256	0	0	157	14
TCGA-64-1677-01A-01W-0928-08	0	0	0	0	0	0	0	0	0	56	0	0	0	137	36
TCGA-64-1679-01A-21D-2063-08	0	0	0	0	0	0	0	0	0	32	430	0	0	126	25
TCGA-64-5778-01A-01D-1625-08	0	0	0	0	0	0	0	0	0	14	366	0	0	147	26
TCGA-64-5781-01A-01D-1625-08	0	0	0	0	0	0	0	0	0	66	875	0	0	344	95
TCGA-69-7765-01A-11D-2167-08	0	0	0	0	0	0	0	0	0	30	480	0	0	179	42
TCGA-69-7978-01A-11D-2184-08	0	0	0	0	0	0	0	0	0	131	0	0	0	398	74
TCGA-69-7980-01A-11D-2184-08	0	0	0	0	0	0	0	0	0	130	479	0	0	245	69
TCGA-73-4658-01A-01D-1753-08	0	0	0	0	0	0	0	0	0	67	0	0	0	206	89
TCGA-73-4662-01A-01D-1265-08	0	0	0	0	0	0	0	0	0	10	159	0	0	86	0
TCGA-73-A9RS-01A-11D-A410-08	0	0	0	0	0	0	0	0	0	41	832	0	0	210	35
TCGA-75-5126-01A-01D-1753-08	0	0	0	0	0	0	0	0	0	104	418	0	0	180	93
TCGA-75-6211-01A-11D-1753-08	0	0	0	0	0	0	0	0	0	18	277	0	0	137	0
TCGA-78-7146-01A-11D-2036-08	0	0	0	0	0	0	0	0	0	62	0	0	0	253	53
TCGA-78-7149-01A-11D-2036-08	0	0	0	0	0	0	0	0	0	49	0	0	0	103	44
TCGA-78-7150-01A-21D-2036-08	0	0	0	0	0	0	0	0	0	82	0	0	0	285	77
TCGA-78-7155-01A-11D-2036-08	0	0	0	0	0	0	0	0	0	69	1202	0	0	466	72
TCGA-78-7156-01A-11D-2036-08	0	0	0	0	0	0	0	0	0	74	0	0	0	191	89
TCGA-78-7220-01A-11D-2036-08	0	0	0	0	0	0	0	0	0	53	595	0	0	313	72
TCGA-78-8662-01A-11D-2393-08	0	0	0	0	0	0	0	0	0	54	836	0	0	457	41
TCGA-80-5607-01A-31D-1945-08	0	0	0	0	0	0	0	0	0	57	0	0	0	35	63
TCGA-83-5908-01A-21D-2284-08	0	0	0	0	0	0	0	0	0	65	0	0	0	140	34
TCGA-86-6851-01A-11D-1945-08	0	0	0	0	0	0	0	0	0	102	713	0	0	261	32
TCGA-86-7955-01A-11D-2184-08	0	0	0	0	0	0	0	0	0	14	149	0	0	172	18
TCGA-86-8056-01A-11D-2238-08	0	0	0	0	0	0	0	0	0	77	0	0	0	167	88
TCGA-86-8073-01A-11D-2238-08	0	0	0	0	0	0	0	0	0	57	1253	0	0	379	55
TCGA-86-8585-01A-11D-2393-08	0	0	0	0	0	0	0	0	0	81	353	0	0	226	40
TCGA-86-8673-01A-11D-2393-08	0	0	0	0	0	0	0	0	0	24	304	0	0	231	24
TCGA-86-8674-01A-21D-2393-08	0	0	0	0	0	0	0	0	0	13	237	0	0	72	31
TCGA-86-A456-01A-11D-A24D-08	0	0	0	0	0	0	0	0	0	13	279	0	0	120	23
TCGA-91-6828-01A-11D-1855-08	0	0	0	0	0	0	0	0	0	20	212	0	0	99	10
TCGA-91-6829-01A-21D-1855-08	0	0	0	0	0	0	0	0	0	37	389	0	0	335	20
TCGA-91-6830-01A-11D-1945-08	0	0	0	0	0	0	0	0	0	125	0	0	0	71	104
TCGA-91-6848-01A-11D-1945-08	0	0	0	0	0	0	0	0	0	68	356	0	0	277	36
TCGA-91-8499-01A-11D-2393-08	0	0	0	0	0	0	0	0	0	56	0	0	0	217	49
TCGA-95-7944-01A-11D-2184-08	0	0	0	0	0	0	0	0	0	125	0	0	0	70	108
TCGA-95-7947-01A-11D-2184-08	0	0	0	0	0	0	0	0	0	107	0	0	0	423	113
TCGA-95-A4VN-01A-11D-A25L-08	0	0	0	0	0	0	0	0	0	26	362	0	0	153	20
TCGA-97-7546-01A-11D-2036-08	0	0	0	0	0	0	0	0	0	14	213	0	0	99	0
TCGA-97-7938-01A-11D-2167-08	0	0	0	0	0	0	0	0	0	37	285	0	0	139	16
TCGA-97-8176-01A-11D-2393-08	0	0	0	0	0	0	0	0	0	27	0	0	0	107	28
TCGA-97-A4M0-01A-11D-A24P-08	0	0	0	0	0	0	0	0	0	40	271	0	0	143	34
TCGA-97-A4M3-01A-11D-A24P-08	0	0	0	0	0	0	0	0	0	16	147	0	0	49	15
TCGA-97-A4M5-01A-11D-A24P-08	0	0	0	0	0	0	0	0	0	59	0	0	0	51	74
TCGA-J2-A4AD-01A-11D-A24D-08	0	0	0	0	0	0	0	0	0	109	0	0	0	239	50
TCGA-L9-A743-01A-43D-A397-08	0	0	0	0	0	0	0	0	0	35	0	0	0	76	26
TCGA-L9-A8F4-01A-11D-A397-08	0	0	0	0	0	0	0	0	0	49	563	0	0	307	26
TCGA-MN-A4N5-01A-11D-A24P-08	0	0	0	0	0	0	0	0	0	19	325	0	0	164	27
TCGA-MP-A4SV-01A-11D-A24P-08	0	0	0	0	0	0	0	0	0	75	0	0	0	237	60
TCGA-MP-A4T4-01A-11D-A25L-08	0	0	0	0	0	0	0	0	0	16	276	0	0	140	17
TCGA-MP-A4TA-01A-21D-A24P-08	0	0	0	0	0	0	0	0	0	22	213	0	0	190	10
TCGA-MP-A4TK-01A-11D-A24P-08	0	0	0	0	0	0	0	0	0	33	254	0	0	110	33
TCGA-NJ-A4YP-01A-11D-A25L-08	0	0	0	0	0	0	0	0	0	184	0	0	0	257	239
H2009	0	0	0	0	0	0	0	0	0	69	54	0	0	120	47
H322T	0	0	0	0	0	0	0	0	0	41	55	0	0	79	22
LC_S15	0	0	0	0	0	0	0	0	0	24	70	0	0	29	21
LUAD-B00915	0	0	0	0	0	0	0	0	0	25	332	0	0	134	36
LUAD-CHTN-3090416	0	0	0	0	0	0	0	0	0	36	0	0	0	124	30
LUAD-D02185	0	0	0	0	0	0	0	0	0	17	191	0	0	185	27
LUAD-E00443	0	0	0	0	0	0	0	0	0	22	279	0	0	161	0
LUAD-E00918	0	0	0	0	0	0	0	0	0	35	240	0	0	166	47
LUAD-F00057	0	0	0	0	0	0	0	0	0	41	104	0	0	95	10
LUAD-F00089	0	0	0	0	0	0	0	0	0	11	169	0	0	122	16
LUAD-LC15C	0	0	0	0	0	0	0	0	0	43	144	0	0	166	35
LUAD-NYU184	0	0	0	0	0	0	0	0	0	12	187	0	0	49	0
LUAD-NYU847	0	0	0	0	0	0	0	0	0	24	231	0	0	148	0
LUAD-QCHM7	0	0	0	0	0	0	0	0	0	100	0	0	0	26	76
LUAD-QJN9L	0	0	0	0	0	0	0	0	0	31	0	0	0	39	13
LUAD-RT-S01699	0	0	0	0	0	0	0	0	0	41	210	0	0	194	16
LUAD-RT-S01769	0	0	0	0	0	0	0	0	0	110	0	0	0	154	74
LUAD-RT-S01818	0	0	0	0	0	0	0	0	0	75	132	0	0	105	76
LUAD-RT-S01856	0	0	0	0	0	0	0	0	0	20	0	0	0	25	17
LUAD-S01304	0	0	0	0	0	0	0	0	0	47	0	0	0	61	17
LUAD-VUMN6	0	0	0	0	0	0	0	0	0	47	150	0	0	81	52
LUAD-YINHD	0	0	0	0	0	0	0	0	0	907	1452	0	0	434	475
TCGA-05-4415-01A-22D-1855-08	0	0	0	0	0	0	0	0	0	0	161	0	0	82	0
TCGA-05-4417-01A-22D-1855-08	0	0	0	0	0	0	0	0	0	0	255	0	0	109	0
TCGA-05-4427-01A-21D-1855-08	0	0	0	0	0	0	0	0	0	0	793	0	0	461	0
TCGA-05-4430-01A-02D-1265-08	0	0	0	0	0	0	0	0	0	0	236	0	0	118	0
TCGA-05-4432-01A-01D-1265-08	0	0	0	0	0	0	0	0	0	0	408	0	0	332	0
TCGA-17-Z001-01A-01W-0746-08	0	0	0	0	0	0	0	0	0	0	156	0	0	96	11
TCGA-17-Z018-01A-01W-0746-08	0	0	0	0	0	0	0	0	0	0	248	0	0	67	0
TCGA-17-Z025-01A-01W-0746-08	0	0	0	0	0	0	0	0	0	0	171	0	0	120	0
TCGA-17-Z030-01A-01W-0746-08	0	0	0	0	0	0	0	0	0	0	487	0	0	200	0
TCGA-17-Z042-01A-01W-0746-08	0	0	0	0	0	0	0	0	0	0	393	0	0	174	0
TCGA-17-Z062-01A-01W-0747-08	0	0	0	0	0	0	0	0	0	0	373	0	0	194	0
TCGA-35-4123-01A-01D-1105-08	0	0	0	0	0	0	0	0	0	0	243	0	0	115	0
TCGA-38-4631-01A-01D-1753-08	0	0	0	0	0	0	0	0	0	0	645	0	0	264	0
TCGA-38-4632-01A-01D-1753-08	0	0	0	0	0	0	0	0	0	0	361	0	0	284	0
TCGA-44-2655-01A-01D-1553-08	0	0	0	0	0	0	0	0	0	0	161	0	0	64	0
TCGA-44-6774-01A-21D-1855-08	0	0	0	0	0	0	0	0	0	0	291	0	0	80	0
TCGA-44-6776-01A-11D-1855-08	0	0	0	0	0	0	0	0	0	0	163	0	0	92	0
TCGA-44-6778-01A-11D-1855-08	0	0	0	0	0	0	0	0	0	0	284	0	0	202	0
TCGA-44-7669-01A-21D-2063-08	0	0	0	0	0	0	0	0	0	0	284	0	0	258	0
TCGA-44-8120-01A-11D-2238-08	0	0	0	0	0	0	0	0	0	0	506	0	0	212	0
TCGA-44-A479-01A-31D-A24D-08	0	0	0	0	0	0	0	0	0	0	258	0	0	99	0
TCGA-49-6744-01A-11D-1855-08	0	0	0	0	0	0	0	0	0	0	197	0	0	92	0
TCGA-49-AAR2-01A-11D-A397-08	0	0	0	0	0	0	0	0	0	0	334	0	0	117	0
TCGA-49-AARO-01A-12D-A410-08	0	0	0	0	0	0	0	0	0	0	584	0	0	120	0
TCGA-50-5045-01A-01D-1625-08	0	0	0	0	0	0	0	0	0	0	297	0	0	60	0
TCGA-50-5049-01A-01D-1625-08	0	0	0	0	0	0	0	0	0	0	687	0	0	299	0
TCGA-50-6593-01A-11D-1753-08	0	0	0	0	0	0	0	0	0	0	212	0	0	163	0
TCGA-50-7109-01A-11D-2036-08	0	0	0	0	0	0	0	0	0	0	166	0	0	132	0
TCGA-53-A4EZ-01A-12D-A24P-08	0	0	0	0	0	0	0	0	0	0	401	0	0	231	0
TCGA-55-1595-01A-01D-0969-08	0	0	0	0	0	0	0	0	0	0	272	0	0	137	0
TCGA-55-6642-01A-11D-1855-08	0	0	0	0	0	0	0	0	0	0	100	0	0	45	0
TCGA-55-6969-01A-11D-1945-08	0	0	0	0	0	0	0	0	0	0	349	0	0	202	0
TCGA-55-6970-01A-11D-1945-08	0	0	0	0	0	0	0	0	0	0	133	0	0	83	0
TCGA-55-6985-01A-11D-1945-08	0	0	0	0	0	0	0	0	0	0	406	0	0	183	0
TCGA-55-7994-01A-11D-2184-08	0	0	0	0	0	0	0	0	0	0	1211	0	0	613	0
TCGA-55-8299-01A-11D-2284-08	0	0	0	0	0	0	0	0	0	0	149	0	0	111	0
TCGA-55-8302-01A-11D-2323-08	0	0	0	0	0	0	0	0	0	0	561	0	0	260	0
TCGA-55-A4DG-01A-11D-A24D-08	0	0	0	0	0	0	0	0	0	0	554	0	0	229	0
TCGA-67-3770-01A-01D-0969-08	0	0	0	0	0	0	0	0	0	0	151	0	0	108	0
TCGA-67-4679-01B-01D-1753-08	0	0	0	0	0	0	0	0	0	0	207	0	0	136	0
TCGA-73-4668-01A-01D-1265-08	0	0	0	0	0	0	0	0	0	0	402	0	0	218	0
TCGA-73-4677-01A-01D-1265-08	0	0	0	0	0	0	0	0	0	0	185	0	0	110	0
TCGA-75-5146-01A-01D-1625-08	0	0	0	0	0	0	0	0	0	0	170	0	0	69	0
TCGA-75-7027-01A-11D-1945-08	0	0	0	0	0	0	0	0	0	0	187	0	0	106	0
TCGA-86-8054-01A-11D-2238-08	0	0	0	0	0	0	0	0	0	0	148	0	0	96	11
TCGA-86-8279-01A-11D-2284-08	0	0	0	0	0	0	0	0	0	0	409	0	0	191	0
TCGA-91-6831-01A-11D-1855-08	0	0	0	0	0	0	0	0	0	0	147	0	0	192	0
TCGA-95-7039-01A-11D-1945-08	0	0	0	0	0	0	0	0	0	0	1073	0	0	491	0
TCGA-97-A4M7-01A-11D-A24P-08	0	0	0	0	0	0	0	0	0	0	268	0	0	96	0
TCGA-99-7458-01A-11D-2036-08	0	0	0	0	0	0	0	0	0	0	373	0	0	207	0
TCGA-99-8028-01A-11D-2238-08	0	0	0	0	0	0	0	0	0	0	400	0	0	137	0
TCGA-L4-A4E5-01A-11D-A24P-08	0	0	0	0	0	0	0	0	0	0	290	0	0	113	0
TCGA-L9-A444-01A-21D-A24D-08	0	0	0	0	0	0	0	0	0	0	463	0	0	192	0
TCGA-L9-A5IP-01A-21D-A397-08	0	0	0	0	0	0	0	0	0	0	224	0	0	121	0
TCGA-MP-A4TC-01A-11D-A24P-08	0	0	0	0	0	0	0	0	0	0	206	0	0	74	19
TCGA-MP-A4TF-01A-11D-A25L-08	0	0	0	0	0	0	0	0	0	0	330	0	0	197	0
TCGA-NJ-A4YF-01A-12D-A25L-08	0	0	0	0	0	0	0	0	0	0	561	0	0	196	0
TCGA-NJ-A4YI-01A-11D-A25L-08	0	0	0	0	0	0	0	0	0	0	327	0	0	189	0
TCGA-NJ-A4YQ-01A-11D-A25L-08	0	0	0	0	0	0	0	0	0	0	970	0	0	379	0
259091	0	0	0	0	0	0	0	0	0	0	123	0	0	43	0
LC_C21	0	0	0	0	0	0	0	0	0	0	181	0	0	44	0
LC_C9	0	0	0	0	0	0	0	0	0	0	266	0	0	54	0
LC_S11	0	0	0	0	0	0	0	0	0	0	143	0	0	97	0
LUAD-B01811	0	0	0	0	0	0	0	0	0	0	771	0	0	308	0
LUAD-CHTN-MAD06-00678	0	0	0	0	0	0	0	0	0	0	217	0	0	111	0
LUAD-D01751	0	0	0	0	0	0	0	0	0	0	123	0	0	115	0
LUAD-NYU1051S	0	0	0	0	0	0	0	0	0	0	317	0	0	233	0
LUAD-NYU1219	0	0	0	0	0	0	0	0	0	0	355	0	0	164	0
LUAD-NYU259	0	0	0	0	0	0	0	0	0	0	270	0	0	116	0
LUAD-NYU408	0	0	0	0	0	0	0	0	0	0	428	0	0	270	0
LUAD-RT-S01700	0	0	0	0	0	0	0	0	0	0	157	0	0	76	0
LUAD-RT-S01703	0	0	0	0	0	0	0	0	0	0	147	0	0	52	0
LUAD-RT-S01813	0	0	0	0	0	0	0	0	0	0	424	0	0	174	0
LUAD-S00484	0	0	0	0	0	0	0	0	0	0	229	0	0	131	15
LUAD-YKER9	0	0	0	0	0	0	0	0	0	0	155	0	0	123	11
TCGA-53-7626-01A-12D-2063-08	0	0	0	0	0	0	0	0	0	0	0	0	0	173	0
TCGA-55-6971-01A-11D-1945-08	0	0	0	0	0	0	0	0	0	0	0	0	0	62	0
TCGA-55-6978-01A-11D-1945-08	0	0	0	0	0	0	0	0	0	0	0	0	0	22	0
TCGA-55-6979-01A-11D-1945-08	0	0	0	0	0	0	0	0	0	0	0	0	0	22	0
TCGA-78-7633-01A-11D-2063-08	0	0	0	0	0	0	0	0	0	0	0	0	0	96	0
TCGA-80-5608-01A-31D-1945-08	0	0	0	0	0	0	0	0	0	0	0	0	0	156	0
TCGA-86-7701-01A-11D-2167-08	0	0	0	0	0	0	0	0	0	0	0	0	0	126	0
