Sample	SBS10a	SBS1	SBS29	SBS3	SBS26	SBS19	SBS15	SBS10b	SBS6	SBS30	SBS13	SBS7a	SBS44	SBS5	SBS2
TCGA-AN-A046-01A-21W-A050-09	2713	278	0	0	0	0	0	4024	0	0	0	0	0	538	0
TCGA-D8-A1JG-01B-11D-A13L-09	42	19	11	0	0	0	0	25	0	0	0	0	0	81	0
TCGA-3C-AALI-01A-11D-A41F-09	0	36	0	0	0	0	0	0	0	0	366	0	0	126	284
TCGA-5L-AAT0-01A-12D-A41F-09	0	10	0	0	0	0	0	0	0	0	74	0	0	78	116
TCGA-5T-A9QA-01A-11D-A41F-09	0	14	41	0	0	0	0	0	0	12	0	0	0	0	0
TCGA-A1-A0SQ-01A-21D-A142-09	0	14	0	0	0	0	0	0	0	0	0	0	0	14	0
TCGA-A2-A04W-01A-31D-A10Y-09	0	12	0	0	0	0	0	0	0	0	69	0	0	54	52
TCGA-A2-A0CL-01A-11D-A10Y-09	0	23	0	0	0	0	0	0	0	0	82	0	0	27	73
TCGA-A2-A0CT-01A-31W-A071-09	0	29	0	0	0	0	0	0	0	0	16	0	0	49	29
TCGA-A2-A0CX-01A-21W-A019-09	0	18	0	0	0	0	0	0	0	0	124	0	0	63	163
TCGA-A2-A0D3-01A-11D-A10Y-09	0	17	0	0	0	0	0	0	0	0	0	0	0	17	0
TCGA-A2-A0EQ-01A-11W-A050-09	0	17	0	0	0	0	0	0	0	0	152	0	0	67	78
TCGA-A2-A0EU-01A-22W-A071-09	0	20	0	0	0	0	0	0	0	0	0	0	0	35	0
TCGA-A2-A0SY-01A-31D-A099-09	0	13	0	0	0	0	0	0	0	23	74	0	0	13	54
TCGA-A2-A0YD-01A-11D-A10G-09	0	10	0	0	0	0	0	14	0	15	24	0	0	0	25
TCGA-A2-A0YH-01A-11D-A10G-09	0	12	0	27	0	0	0	0	0	0	30	0	0	14	20
TCGA-A2-A0YK-01A-22D-A117-09	0	10	0	0	0	0	0	0	0	0	255	0	0	0	216
TCGA-A2-A0YM-01A-11D-A10G-09	0	21	0	0	0	0	0	0	0	0	21	0	0	51	18
TCGA-A2-A3XZ-01A-42D-A23C-09	0	10	0	0	0	0	0	0	0	0	15	0	0	21	10
TCGA-A7-A0CG-01A-11W-A019-09	0	17	0	0	0	0	0	0	0	0	0	0	0	37	15
TCGA-A7-A26E-01A-11D-A272-09	0	16	0	0	0	0	0	0	0	0	0	0	0	31	19
TCGA-A7-A26H-01A-11D-A167-09	0	23	0	0	0	0	0	0	0	0	49	0	0	42	38
TCGA-A7-A2KD-01A-31D-A21Q-09	0	15	0	0	0	0	0	0	0	0	0	0	0	37	0
TCGA-A7-A56D-01A-11D-A27P-09	0	25	0	0	0	0	0	0	0	0	53	0	0	93	69
TCGA-A8-A06O-01A-11W-A019-09	0	33	0	0	0	0	0	0	0	0	0	0	0	46	0
TCGA-A8-A06Q-01A-11W-A050-09	0	16	0	0	0	0	0	0	0	0	109	0	0	44	141
TCGA-A8-A081-01A-11W-A019-09	0	25	0	0	0	0	0	0	0	0	26	0	0	79	22
TCGA-A8-A08R-01A-11W-A050-09	0	20	0	204	0	0	0	0	0	0	51	0	0	39	11
TCGA-A8-A093-01A-11W-A019-09	0	19	0	0	0	0	0	0	0	0	21	0	0	41	60
TCGA-A8-A09N-01A-11W-A019-09	0	16	0	0	0	0	0	0	0	0	27	0	0	40	19
TCGA-A8-A09Z-01A-11W-A019-09	0	183	0	0	0	0	0	0	0	0	0	0	720	575	0
TCGA-A8-A0A1-01A-11W-A019-09	0	17	0	0	0	0	0	0	0	0	0	0	0	15	0
TCGA-AC-A23C-01A-12D-A167-09	0	10	0	48	0	0	0	0	0	0	21	0	0	33	34
TCGA-AC-A23H-01A-11D-A159-09	0	53	0	0	0	0	0	0	0	0	3344	0	0	215	2762
TCGA-AC-A3W5-01A-11D-A228-09	0	15	0	94	0	0	0	0	0	14	40	0	0	37	23
TCGA-AC-A5XU-01A-11D-A28B-09	0	35	0	0	0	0	0	0	0	0	0	0	0	58	14
TCGA-AC-A62V-01A-11D-A31U-09	0	18	0	0	0	0	23	0	0	0	0	0	0	66	0
TCGA-AC-A62X-01A-11D-A29N-09	0	36	0	0	0	0	0	0	0	0	0	0	0	52	0
TCGA-AC-A6IW-01A-12D-A33E-09	0	17	0	0	0	0	0	0	0	0	64	0	0	133	31
TCGA-AC-A8OP-01A-11D-A36J-09	0	40	30	66	0	0	0	0	0	0	14	0	0	88	12
TCGA-AN-A04A-01A-21W-A050-09	0	12	0	0	0	0	0	0	0	18	0	0	0	21	0
TCGA-AN-A0AK-01A-21W-A019-09	0	223	0	0	0	0	0	0	0	0	0	0	793	453	0
TCGA-AN-A0FS-01A-11W-A050-09	0	14	0	27	0	0	0	0	0	21	10	0	0	0	16
TCGA-AN-A0FT-01A-11W-A050-09	0	30	0	42	0	0	0	0	0	18	14	0	0	10	16
TCGA-AN-A0FZ-01A-11W-A050-09	0	28	12	20	0	0	0	0	0	0	0	0	0	23	11
TCGA-AO-A03M-01B-11D-A10M-09	0	13	0	0	0	0	0	0	0	0	654	0	0	0	479
TCGA-AO-A0J9-01A-11W-A050-09	0	11	0	0	0	0	0	0	0	0	31	0	0	48	71
TCGA-AO-A128-01A-11D-A10M-09	0	318	0	0	0	0	0	0	0	0	0	0	407	496	0
TCGA-AO-A12D-01A-11D-A10Y-09	0	10	0	0	0	0	0	0	0	13	11	0	0	16	23
TCGA-AO-A1KS-01A-11D-A13L-09	0	16	0	0	0	0	0	0	0	0	0	0	0	16	22
TCGA-AQ-A04H-01B-11D-A10M-09	0	32	0	0	0	0	0	0	0	0	0	0	0	52	0
TCGA-AQ-A0Y5-01A-11D-A14K-09	0	19	0	0	0	0	0	0	0	0	11	0	0	30	11
TCGA-AQ-A1H3-01A-31D-A13L-09	0	18	0	0	0	0	0	0	0	0	0	0	0	10	0
TCGA-AR-A0TZ-01A-12D-A099-09	0	11	0	0	0	0	0	0	0	0	15	0	0	19	11
TCGA-AR-A1AJ-01A-21D-A12Q-09	0	12	0	0	0	0	0	0	0	0	0	0	0	16	18
TCGA-AR-A1AK-01A-21D-A12Q-09	0	13	0	15	0	0	0	0	0	0	21	0	0	14	19
TCGA-AR-A250-01A-31D-A167-09	0	26	0	0	0	0	0	0	0	0	46	0	0	63	20
TCGA-AR-A2LE-01A-11D-A17W-09	0	10	0	0	0	0	0	0	0	0	132	0	0	60	196
TCGA-B6-A0I2-01A-11W-A050-09	0	10	0	0	0	0	0	0	0	0	26	0	0	32	11
TCGA-B6-A0IK-01A-12W-A071-09	0	18	0	0	0	0	0	0	0	0	54	0	0	42	88
TCGA-B6-A0RV-01A-11D-A099-09	0	10	0	0	0	0	0	0	0	0	26	0	0	0	31
TCGA-BH-A0AW-01A-11W-A071-09	0	19	0	30	0	0	0	0	0	0	46	0	0	58	55
TCGA-BH-A0BP-01A-11D-A10Y-09	0	29	0	60	0	0	0	0	0	14	31	0	0	45	21
TCGA-BH-A0BZ-01A-31D-A12Q-09	0	16	0	188	0	0	0	0	0	0	23	0	0	55	12
TCGA-BH-A0DX-01A-11D-A10Y-09	0	11	0	0	0	0	0	0	0	0	17	0	0	20	30
TCGA-BH-A0EE-01A-11W-A050-09	0	20	0	0	0	0	0	0	0	0	23	0	0	83	51
TCGA-BH-A0HA-01A-11D-A12Q-09	0	90	0	0	0	0	0	0	0	0	0	0	75	223	0
TCGA-BH-A0HF-01A-11W-A071-09	0	25	0	0	0	504	0	0	0	535	0	0	0	259	129
TCGA-BH-A0HK-01A-11W-A071-09	0	23	0	0	0	0	0	0	0	23	31	0	0	13	52
TCGA-BH-A0HP-01A-12D-A099-09	0	13	0	0	0	0	0	0	0	0	165	0	0	20	162
TCGA-BH-A18G-01A-11D-A12B-09	0	294	0	0	0	0	0	0	0	0	0	0	720	674	0
TCGA-BH-A18P-01A-11D-A12B-09	0	20	0	0	0	0	0	0	0	0	173	0	0	42	203
TCGA-BH-A1EV-01A-11D-A135-09	0	15	0	0	0	0	0	0	0	0	34	0	0	48	33
TCGA-BH-A1F2-01A-31D-A13L-09	0	17	0	0	0	0	0	0	0	0	0	0	0	39	0
TCGA-BH-A1F8-01A-11D-A13L-09	0	11	0	0	0	0	0	0	0	0	51	0	0	52	79
TCGA-BH-A203-01A-12D-A167-09	0	29	0	0	0	0	0	0	0	0	12	0	0	50	13
TCGA-BH-A2L8-01A-11D-A18P-09	0	10	0	0	0	0	0	0	0	0	299	0	0	0	323
TCGA-BH-A5J0-01A-11D-A27P-09	0	12	0	0	0	0	0	0	0	0	15	0	0	38	39
TCGA-C8-A12K-01A-21D-A10Y-09	0	12	0	101	0	0	0	0	0	0	45	0	0	0	17
TCGA-C8-A12P-01A-11D-A10Y-09	0	17	0	0	0	0	0	0	0	0	58	0	0	71	55
TCGA-C8-A12T-01A-11D-A10Y-09	0	13	0	0	0	0	0	0	0	0	99	0	0	21	81
TCGA-C8-A12Z-01A-11D-A10Y-09	0	11	0	0	0	0	0	0	0	0	12	0	0	20	10
TCGA-C8-A1HG-01A-11D-A135-09	0	20	0	0	0	0	0	0	0	0	0	0	0	51	0
TCGA-C8-A1HM-01A-12D-A135-09	0	19	0	0	0	0	0	0	0	0	232	0	0	74	132
TCGA-C8-A26V-01A-11D-A16D-09	0	11	0	0	0	0	0	0	0	0	32	0	0	34	21
TCGA-C8-A274-01A-11D-A16D-09	0	13	0	0	0	0	0	0	0	0	92	0	0	66	118
TCGA-C8-A3M7-01A-12D-A21Q-09	0	22	0	0	0	0	0	0	0	0	46	0	0	58	101
TCGA-C8-A8HP-01A-11D-A36J-09	0	14	0	0	0	0	0	0	0	0	110	0	0	42	106
TCGA-C8-A8HQ-01A-11D-A36J-09	0	28	0	0	0	0	0	0	0	0	146	0	0	36	163
TCGA-D8-A140-01A-11D-A10Y-09	0	18	29	0	0	0	0	0	0	21	0	0	0	45	21
TCGA-D8-A1J8-01A-11D-A13L-09	0	70	0	0	0	0	0	0	0	0	284	0	177	157	280
TCGA-D8-A1JA-01A-11D-A13L-09	0	31	0	0	0	0	0	0	0	0	736	0	0	18	405
TCGA-D8-A1JC-01A-11D-A13L-09	0	11	0	0	0	0	0	0	0	0	36	0	0	40	35
TCGA-D8-A1JJ-01A-31D-A14K-09	0	10	0	0	0	0	0	0	0	0	17	0	0	45	30
TCGA-D8-A1JN-01A-11D-A13L-09	0	16	0	0	0	0	0	0	0	0	55	0	0	45	92
TCGA-D8-A1XJ-01A-11D-A14K-09	0	21	0	0	0	0	0	0	0	0	0	0	0	60	32
TCGA-D8-A1XK-01A-21D-A14K-09	0	81	0	0	852	0	0	0	0	0	0	0	112	265	0
TCGA-D8-A1XM-01A-21D-A14K-09	0	12	0	0	0	0	0	10	0	0	0	0	0	19	16
TCGA-D8-A1XQ-01A-11D-A14K-09	0	119	0	0	0	0	0	0	0	0	0	0	167	748	0
TCGA-D8-A1XY-01A-11D-A14K-09	0	20	10	0	0	0	0	0	0	0	0	0	0	34	0
TCGA-D8-A1XZ-01A-11D-A14K-09	0	34	0	32	0	0	0	0	0	11	0	0	0	23	0
TCGA-D8-A1Y1-01A-21D-A14K-09	0	139	0	0	0	0	0	0	0	0	0	0	0	105	0
TCGA-D8-A27G-01A-11D-A16D-09	0	14	0	0	0	0	0	0	0	0	535	0	0	57	573
TCGA-D8-A27N-01A-11D-A16D-09	0	20	0	15	0	0	0	0	0	0	0	0	0	11	0
TCGA-D8-A27W-01A-11D-A16D-09	0	23	0	0	0	0	0	0	0	0	0	0	0	36	0
TCGA-D8-A73U-01A-11D-A33E-09	0	11	0	0	0	0	0	0	0	0	47	0	0	46	109
TCGA-E2-A10C-01A-21D-A10M-09	0	10	0	0	0	0	0	0	0	0	211	0	0	30	266
TCGA-E2-A14V-01A-11D-A12B-09	0	23	0	34	0	0	0	0	0	0	34	0	0	28	26
TCGA-E2-A159-01A-11D-A10Y-09	0	10	0	0	0	0	0	0	0	0	83	0	0	42	62
TCGA-E2-A15M-01A-11D-A12B-09	0	16	14	0	0	0	0	0	0	0	16	0	0	50	17
TCGA-E2-A1IN-01A-11D-A13L-09	0	12	0	0	0	0	0	0	0	0	101	0	0	47	89
TCGA-E2-A1LH-01A-11D-A14G-09	0	17	0	146	0	0	0	0	0	0	42	0	0	0	20
TCGA-E2-A2P6-01A-11D-A19Y-09	0	20	0	0	0	0	0	0	0	0	39	0	0	45	88
TCGA-E2-A574-01A-11D-A29N-09	0	20	0	0	0	0	0	0	0	0	32	0	0	73	34
TCGA-E9-A2JS-01A-11D-A17W-09	0	26	28	0	0	0	0	0	0	0	0	0	0	37	0
TCGA-EW-A1IW-01A-11D-A13L-09	0	13	0	0	0	0	0	0	0	0	25	0	0	48	43
TCGA-EW-A1IZ-01A-11D-A188-09	0	132	0	0	0	0	0	0	0	0	0	0	154	155	0
TCGA-EW-A1OZ-01A-11D-A142-09	0	19	0	0	0	0	0	0	0	0	0	0	0	48	0
TCGA-GM-A2D9-01A-11D-A18P-09	0	18	0	0	0	0	0	0	0	0	243	0	0	69	323
TCGA-GM-A2DH-01A-11D-A17W-09	0	11	0	71	0	0	0	0	0	0	72	0	0	34	36
TCGA-GM-A2DO-01A-11D-A19Y-09	0	10	0	0	0	0	0	0	0	0	83	0	0	34	93
TCGA-GM-A3NW-01A-21D-A228-09	0	16	0	0	0	0	0	0	0	0	33	0	0	25	24
TCGA-JL-A3YX-01A-11D-A22X-09	0	10	0	0	0	0	0	0	0	0	0	0	0	22	14
TCGA-LD-A74U-01A-13D-A33E-09	0	22	0	0	0	0	0	0	0	0	112	0	0	51	173
TCGA-LL-A5YL-01A-12D-A29N-09	0	15	0	0	0	0	0	0	0	0	11	0	0	40	27
TCGA-OL-A5DA-01A-11D-A27P-09	0	11	0	0	0	0	0	0	0	0	34	0	0	41	31
TCGA-OL-A5RZ-01A-11D-A28B-09	0	32	25	0	0	0	0	0	0	0	10	0	0	73	12
TCGA-PE-A5DD-01A-12D-A27P-09	0	11	0	0	0	0	0	0	0	0	15	0	0	36	25
TCGA-PE-A5DE-01A-11D-A27P-09	0	26	0	0	0	0	0	0	0	0	224	0	0	91	360
TCGA-WT-AB41-01A-11D-A41F-09	0	11	0	0	0	0	0	0	0	0	0	0	0	32	20
TCGA-XX-A89A-01A-11D-A36J-09	0	18	0	0	0	0	0	0	0	0	137	0	0	39	73
TCGA-Z7-A8R6-01A-11D-A41F-09	0	15	0	0	0	0	0	0	0	0	23	0	0	34	36
PD4132a	0	16	0	0	0	0	0	0	0	0	37	0	0	39	27
TK04_DCIS1	0	136	0	0	0	0	0	0	0	0	75	0	0	402	58
TK08_LCIS1	0	13	0	0	0	0	0	0	0	0	0	0	0	15	0
TK13_LCIS1	0	620	0	0	0	0	0	0	0	0	0	0	0	2648	0
TK33_ILC	0	139	0	0	0	0	0	0	0	0	0	0	0	869	0
TK38_ILC	0	28	0	0	0	0	0	0	0	0	234	0	0	77	265
TK38_LCIS2	0	20	0	0	0	0	0	0	0	0	179	0	0	81	240
TK46_LCIS	0	17	0	0	0	0	0	0	0	0	0	0	0	25	0
TK68_ILC	0	17	0	0	0	0	0	0	0	0	0	0	0	10	0
TK68_LCIS1	0	17	0	0	0	0	0	0	0	0	0	0	0	22	0
2318491	0	10	0	0	0	0	0	0	0	0	105	0	0	56	73
2318492	0	13	0	0	0	0	0	0	0	0	91	0	0	43	86
SA214	0	115	0	0	0	0	0	0	0	0	0	0	0	80	0
TCGA-A2-A25A-01A-12D-A16D-09	0	0	218	0	0	0	0	0	0	0	31	0	0	0	43
TCGA-A7-A6VX-01A-12D-A33E-09	0	0	29	74	0	0	0	0	0	16	11	0	0	21	26
TCGA-AC-A8OR-01A-21D-A41F-09	0	0	31	0	0	0	0	0	0	0	0	0	0	0	0
TCGA-B6-A0IQ-01A-11W-A050-09	0	0	15	0	0	0	0	0	0	0	0	0	0	42	0
TCGA-E2-A14Z-01A-11D-A10Y-09	0	0	14	0	0	0	0	0	0	0	0	0	0	45	22
TCGA-OL-A6VQ-01A-12D-A41F-09	0	0	27	0	0	0	0	0	0	0	18	0	0	10	29
TCGA-S3-AA10-01A-21D-A41F-09	0	0	39	61	0	0	0	0	0	0	12	0	0	41	0
TCGA-A1-A0SH-01A-11D-A099-09	0	0	0	24	0	0	0	0	0	0	35	0	0	32	44
TCGA-BH-A18V-01A-11D-A12B-09	0	0	0	147	0	0	0	0	0	0	65	0	0	0	33
TCGA-BH-A1FN-01A-11D-A13L-09	0	0	0	60	0	0	0	0	0	0	42	0	0	0	35
TCGA-C8-A132-01A-31D-A10Y-09	0	0	0	29	0	0	0	0	0	0	23	0	0	14	11
TCGA-C8-A27B-01A-11D-A167-09	0	0	0	64	0	0	0	0	0	0	66	0	0	12	14
TCGA-D8-A147-01A-11D-A10Y-09	0	0	0	121	0	0	0	0	0	0	42	0	0	11	21
TCGA-E2-A108-01A-13D-A10M-09	0	0	0	52	0	0	0	0	0	0	73	0	0	0	59
TCGA-E2-A14Y-01A-21D-A12B-09	0	0	0	19	0	0	0	0	0	0	13	0	0	0	15
TCGA-EW-A1IX-01A-12D-A142-09	0	0	0	12	0	0	0	0	0	0	16	0	0	0	14
TCGA-OL-A5RW-01A-11D-A28B-09	0	0	0	85	0	0	0	0	0	0	80	0	0	46	39
TCGA-BH-A0C1-01B-11D-A12B-09	0	0	0	0	0	0	14	0	0	10	0	0	0	13	0
TCGA-EW-A1IY-01A-11D-A188-09	0	0	0	0	0	0	0	11	0	0	0	0	0	12	12
2318503	0	0	0	0	0	0	0	18	0	0	0	0	0	17	24
TCGA-BH-A0HW-01A-11W-A050-09	0	0	0	0	0	0	0	0	23	0	0	0	0	21	0
TCGA-A2-A0CM-01A-31W-A050-09	0	0	0	0	0	0	0	0	0	14	18	0	0	13	13
TCGA-BH-A208-01A-11D-A159-09	0	0	0	0	0	0	0	0	0	14	23	0	0	23	17
TCGA-C8-A275-01A-21D-A16D-09	0	0	0	0	0	0	0	0	0	20	61	0	0	18	38
TCGA-GM-A2DI-01A-31D-A18P-09	0	0	0	0	0	0	0	0	0	13	36	0	0	0	38
TCGA-A1-A0SI-01A-11D-A142-09	0	0	0	0	0	0	0	0	0	0	141	0	0	25	102
TCGA-A2-A0CR-01A-11D-A228-09	0	0	0	0	0	0	0	0	0	0	86	0	0	25	102
TCGA-A8-A095-01A-11W-A019-09	0	0	0	0	0	0	0	0	0	0	76	0	0	39	87
TCGA-A8-A09G-01A-21W-A019-09	0	0	0	0	0	0	0	0	0	0	178	0	0	35	140
TCGA-A8-A0A7-01A-11W-A019-09	0	0	0	0	0	0	0	0	0	0	67	0	0	69	164
TCGA-AC-A2B8-01A-11D-A17D-09	0	0	0	0	0	0	0	0	0	0	44	0	0	28	51
TCGA-AC-A5XS-01A-11D-A29N-09	0	0	0	0	0	0	0	0	0	0	300	0	0	115	292
TCGA-AN-A0FV-01A-11W-A019-09	0	0	0	0	0	0	0	0	0	0	21	0	0	53	32
TCGA-AN-A0XW-01A-11D-A10G-09	0	0	0	0	0	0	0	0	0	0	244	0	0	0	180
TCGA-AO-A0JC-01A-11W-A071-09	0	0	0	0	0	0	0	0	0	0	88	0	0	17	99
TCGA-AQ-A7U7-01A-22D-A351-09	0	0	0	0	0	0	0	0	0	0	30	0	0	32	34
TCGA-AR-A2LH-01A-31D-A18P-09	0	0	0	0	0	0	0	0	0	0	17	0	0	22	28
TCGA-B6-A0WZ-01A-11D-A10G-09	0	0	0	0	0	0	0	0	0	0	23	0	0	23	48
TCGA-BH-A0B0-01A-21D-A10Y-09	0	0	0	0	0	0	0	0	0	0	25	0	0	15	53
TCGA-BH-A0B5-01A-11D-A12Q-09	0	0	0	0	0	0	0	0	0	0	38	0	0	15	29
TCGA-BH-A0DZ-01A-11W-A019-09	0	0	0	0	0	0	0	0	0	0	190	0	0	41	158
TCGA-BH-A0H5-01A-21D-A10Y-09	0	0	0	0	0	0	0	0	0	0	65	0	0	28	74
TCGA-BH-A0W7-01A-11D-A10Y-09	0	0	0	0	0	0	0	0	0	0	124	0	0	16	119
TCGA-BH-A18J-01A-11D-A12B-09	0	0	0	0	0	0	0	0	0	0	32	0	0	26	50
TCGA-BH-A209-01A-11D-A17G-09	0	0	0	0	0	0	0	0	0	0	62	0	0	23	40
TCGA-BH-A42V-01A-11D-A243-09	0	0	0	0	0	0	0	0	0	0	17	0	0	12	25
TCGA-C8-A26Y-01A-11D-A16D-09	0	0	0	0	0	0	0	0	0	0	370	0	0	199	338
TCGA-D8-A1J9-01A-11D-A13L-09	0	0	0	0	0	0	0	0	0	0	113	0	0	47	111
TCGA-D8-A27V-01A-12D-A17D-09	0	0	0	0	0	0	0	0	0	0	98	0	0	49	80
TCGA-E2-A10B-01A-11D-A10M-09	0	0	0	0	0	0	0	0	0	0	13	0	0	37	17
TCGA-E2-A1IH-01A-11D-A188-09	0	0	0	0	0	0	0	0	0	0	21	0	0	39	16
TCGA-E9-A1R4-01A-21D-A14G-09	0	0	0	0	0	0	0	0	0	0	41	0	0	61	49
TCGA-E9-A226-01A-21D-A159-09	0	0	0	0	0	0	0	0	0	0	26	0	0	25	21
TCGA-EW-A1OV-01A-11D-A142-09	0	0	0	0	0	0	0	0	0	0	35	0	0	24	72
TCGA-EW-A6SD-01A-12D-A33E-09	0	0	0	0	0	0	0	0	0	0	16	0	0	35	18
TCGA-LL-A73Y-01A-11D-A33E-09	0	0	0	0	0	0	0	0	0	0	93	0	0	57	39
TCGA-OL-A66L-01A-12D-A31U-09	0	0	0	0	0	0	0	0	0	0	22	0	0	25	40
PD4935a	0	0	0	0	0	0	0	0	0	0	19	0	0	0	16
PD4937a	0	0	0	0	0	0	0	0	0	0	36	0	0	0	32
PD4125a	0	0	0	0	0	0	0	0	0	0	12	0	0	0	0
PD4127a	0	0	0	0	0	0	0	0	0	0	25	0	0	0	17
PD4137a	0	0	0	0	0	0	0	0	0	0	46	0	0	17	80
TCGA-AR-A2LN-01A-21D-A18P-09	0	0	0	0	0	0	0	0	0	0	0	17	0	14	10
SA218	0	0	0	0	0	0	0	0	0	0	0	0	83	30	0
TCGA-A1-A0SF-01A-11D-A142-09	0	0	0	0	0	0	0	0	0	0	0	0	0	16	36
TCGA-A8-A08H-01A-21W-A019-09	0	0	0	0	0	0	0	0	0	0	0	0	0	53	110
TCGA-AC-A6IX-01A-12D-A32I-09	0	0	0	0	0	0	0	0	0	0	0	0	0	33	23
TCGA-AO-A0JA-01A-11W-A071-09	0	0	0	0	0	0	0	0	0	0	0	0	0	12	16
TCGA-BH-A0HQ-01A-11W-A050-09	0	0	0	0	0	0	0	0	0	0	0	0	0	27	12
TCGA-C8-A1HE-01A-11D-A188-09	0	0	0	0	0	0	0	0	0	0	0	0	0	25	19
TCGA-XX-A899-01A-11D-A36J-09	0	0	0	0	0	0	0	0	0	0	0	0	0	25	18
TK42_ILC	0	0	0	0	0	0	0	0	0	0	0	0	0	64	29
TCGA-AR-A0TQ-01A-11D-A099-09	0	0	0	0	0	0	0	0	0	0	0	0	0	0	11
TCGA-D8-A4Z1-01A-21D-A25Q-09	0	0	0	0	0	0	0	0	0	0	0	0	0	0	24
PD4123a	0	0	0	0	0	0	0	0	0	0	0	0	0	0	13
