Sample	SBS1	SBS3	SBS18	SBS26	SBS40	SBS13	SBS8	SBS41	SBS35	SBS5	SBS39	SBS2
SP101845	632	7495	0	0	4821	0	0	0	0	609	0	0
SP101682	927	2277	0	0	0	179	0	0	0	2272	0	208
SP61553	433	0	357	0	0	0	0	327	0	1428	0	0
SP101724	792	6361	0	0	6909	543	0	0	0	0	0	668
SP102103	493	3035	0	0	0	96	0	0	0	1786	0	242
SP102174	560	5494	0	0	0	441	0	0	0	3341	0	150
SP101622	422	6829	0	0	3336	0	0	0	0	247	0	0
SP102161	575	4157	0	0	0	491	0	0	0	1668	0	372
SP101654	604	0	0	0	5605	0	0	0	0	2315	0	0
SP102074	552	1847	359	0	0	200	0	0	0	1958	0	108
SP101694	1189	7089	0	0	0	0	0	0	0	3878	0	0
SP101616	661	8453	0	0	0	0	0	0	0	3092	0	0
SP101666	426	3515	0	0	2853	0	0	0	0	605	0	0
SP101558	350	3227	0	0	2224	0	0	0	0	86	0	0
SP102096	631	2158	0	0	0	0	0	0	0	2370	0	0
SP102084	661	3513	694	0	0	0	0	0	0	1765	0	0
SP101580	495	2228	0	0	3780	0	0	0	0	538	0	0
SP102064	307	3286	0	0	3222	0	0	0	0	0	0	0
SP101564	409	2296	0	0	0	1112	0	0	0	1260	0	469
SP101921	854	0	0	0	5821	1574	0	0	0	1206	0	1128
SP101648	402	5999	0	0	0	169	0	0	0	888	0	192
SP101628	661	4355	0	0	0	148	0	0	0	2717	0	201
SP101708	436	2514	469	0	0	0	0	0	0	1621	0	0
SP102055	389	1484	0	0	0	0	0	0	0	1013	0	0
SP101634	388	6591	0	0	0	416	0	0	0	1260	0	308
SP101588	748	3602	0	0	0	0	0	0	0	2338	0	0
SP101584	717	3745	0	0	0	0	0	0	0	2746	0	0
SP101686	797	2422	0	0	0	0	0	0	0	2234	0	0
SP101532	584	4581	0	0	3901	0	0	0	0	0	0	0
SP101732	643	6977	0	0	8346	0	0	0	0	0	0	0
SP101528	464	5601	0	0	0	0	0	0	0	1376	0	0
SP101536	563	1294	0	0	0	98	0	0	0	1962	0	181
SP101576	704	5062	0	0	0	742	0	0	0	3262	0	239
SP102015	478	8549	0	0	5211	0	0	0	0	295	0	0
SP102168	478	2225	0	0	0	37	0	0	0	1512	0	149
SP101716	980	7474	1126	0	0	0	0	0	0	4280	0	0
SP101592	568	3888	0	0	0	0	0	0	0	2614	0	0
SP101658	259	645	0	0	0	0	0	0	0	1042	0	0
SP102045	754	11642	0	0	6678	0	0	0	0	366	0	0
SP101552	445	14502	0	0	0	246	0	0	0	1521	0	292
SP101519	307	3921	0	0	0	0	0	0	0	2928	0	0
SP101690	980	9524	0	0	0	310	0	0	0	2661	0	304
SP102123	360	0	2921	0	0	0	0	0	0	2491	1189	0
SP101662	287	4242	0	0	0	182	0	0	0	1484	0	157
SP101600	184	770	270	0	0	58	0	0	0	793	0	75
SP101544	631	2686	629	0	0	0	0	0	0	2465	0	0
SP102133	1579	0	0	16961	0	0	0	8539	0	13545	0	0
SP101881	453	6314	0	0	3271	0	0	0	0	47	0	0
SP102035	409	3232	0	0	3130	0	0	0	0	466	0	0
SP101642	552	9811	0	0	4471	0	0	1381	0	844	0	0
SP101596	457	2102	301	0	0	0	0	0	0	2401	0	0
SP101670	765	7221	0	0	4372	0	0	0	0	922	0	0
SP101674	201	3797	0	0	0	0	901	0	0	1551	0	0
SP101572	659	1290	0	0	0	91	0	0	0	1528	0	163
SP101678	640	7618	0	0	0	659	1774	0	0	3987	0	290
SP101740	663	11796	0	0	5197	0	0	0	0	1580	0	0
SP101700	466	3605	0	0	3198	0	0	0	0	0	0	0
SP101891	790	6407	0	0	5591	0	0	0	0	357	0	0
SP102143	433	3078	0	0	2521	324	0	0	1072	1084	0	137
SP102113	293	4279	0	0	0	342	0	0	0	1215	0	154
SP101521	450	2172	0	0	0	439	0	0	0	2566	0	318
SP101526	823	5763	0	0	0	5390	0	0	0	4177	0	2107
SP101540	853	0	779	0	0	263	0	0	0	2829	0	162
SP101604	423	4333	0	0	0	245	0	0	0	1444	0	181
SP101548	444	2680	0	0	2842	0	0	0	0	675	0	0
SP101523	320	4390	0	0	0	335	0	0	0	1133	0	225
SP102090	695	4250	0	0	0	665	0	0	0	2222	0	524
SP101795	447	4790	0	0	3921	600	0	0	0	45	0	371
SP102187	347	7777	0	0	0	377	0	0	0	1542	0	132
SP101515	328	2932	0	0	1726	339	0	0	0	939	0	164
SP101931	811	8121	0	0	0	1347	0	0	0	3210	0	476
SP101610	332	2906	0	0	3578	0	0	0	0	0	0	0
SP61703	716	3750	932	0	0	0	0	0	0	2693	0	0
SP59707	280	0	335	0	0	0	0	0	0	1332	0	0
SP68659	292	2240	0	0	2414	0	0	0	0	309	0	0
SP62616	662	6903	0	0	6092	0	0	0	0	196	0	0
SP59761	456	3253	0	0	0	188	0	0	0	1550	0	170
SP66960	494	1665	0	0	0	0	0	0	0	2076	0	0
SP61453	507	2227	0	0	0	322	0	0	0	1764	0	244
SP63796	504	3019	0	0	0	185	0	0	0	1653	0	156
SP69155	517	1861	0	0	0	95	0	0	0	1329	0	178
SP59950	876	12096	1472	0	0	0	0	0	0	4623	0	0
SP59938	239	5035	817	0	0	268	0	0	0	655	0	156
SP64976	413	4273	0	0	0	162	0	0	0	2469	0	156
SP64296	549	5962	0	0	4934	0	0	0	0	0	0	0
SP65807	620	5741	0	0	5559	0	0	0	0	0	0	0
SP59803	695	4079	0	0	0	0	0	0	0	3777	0	0
SP66159	467	8012	1258	0	0	194	0	0	0	1355	0	300
SP63356	476	3250	610	0	0	0	0	0	0	2261	0	0
SP68348	445	3912	0	0	3916	512	0	0	0	323	0	310
SP62450	394	1393	0	0	0	0	0	0	0	1326	0	0
SP67428	341	2105	0	0	4630	0	0	0	0	88	0	0
SP61713	394	4204	508	0	0	0	0	0	0	1382	0	0
SP68725	295	2284	0	0	1451	0	0	0	0	487	0	0
SP67609	687	6192	0	0	5909	0	0	0	0	149	0	0
SP62110	928	4245	0	0	0	305	0	0	0	3078	0	438
SP64546	316	3985	0	0	0	0	0	0	0	1091	0	0
SP63546	684	5672	0	0	0	540	0	0	0	2296	0	375
SP60322	281	4111	261	0	0	336	0	0	0	828	0	91
SP60243	329	4083	0	0	0	283	0	0	0	1125	0	186
SP63966	842	1589	591	0	0	295	0	0	0	2418	0	172
SP60362	469	1580	488	0	0	0	0	0	0	1520	0	0
SP69077	679	12380	0	0	0	781	0	0	0	1857	0	452
SP67346	995	6636	0	0	0	0	0	0	0	2435	0	0
SP66687	474	4032	0	0	0	63	0	0	0	1900	0	263
SP63716	324	2154	0	0	0	111	0	0	0	1492	0	127
SP65376	636	7124	0	0	0	641	2598	0	0	3058	0	332
SP61343	507	2567	0	0	0	0	0	0	0	2357	0	0
SP60001	561	9216	0	0	0	365	0	0	0	1509	0	368
SP59860	990	5086	0	0	0	303	0	0	0	2780	0	308
SP60610	338	1202	0	0	0	136	0	0	0	1447	0	127
SP64036	407	3411	0	0	3343	264	0	0	0	328	0	118
SP60842	479	6691	0	0	0	500	0	0	0	1375	0	537
AOCS-002-1-X	177	0	0	0	694	0	0	0	0	644	0	0
AOCS-076-1-3	627	0	0	0	3484	0	0	0	0	2036	0	0
AOCS-091-3-0	473	9354	0	0	0	0	0	0	0	1548	0	0
AOCS-122-1-4	527	3775	0	0	4760	0	0	0	0	546	0	0
AOCS-123-1-7	451	0	0	0	1894	0	0	0	0	697	0	0
AOCS-124-1-X	761	0	0	0	2799	0	0	0	0	1456	0	0
AOCS-125-1-2	377	3027	0	0	1826	0	1725	0	0	1383	0	0
AOCS-126-1-5	268	0	0	0	3352	0	0	0	0	866	1241	0
AOCS-130-1-0	547	0	0	0	4003	502	0	0	0	1853	0	18
AOCS-131-1-3	392	0	0	0	6244	797	0	0	0	714	0	279
AOCS-132-1-6	417	0	0	0	1425	0	0	0	0	804	0	0
AOCS-133-1-9	985	0	0	0	3707	0	0	0	0	1011	0	0
AOCS-135-3-1	1016	0	0	0	13058	0	0	0	0	2015	0	0
AOCS-137-1-X	618	0	0	0	7626	0	0	0	0	1782	2085	0
AOCS-143-1-0	281	1631	0	0	0	0	1048	0	0	1408	0	0
AOCS-144-1-3	316	0	0	0	2224	371	1195	0	0	1372	0	106
AOCS-145-1-6	365	0	0	0	0	0	2665	0	0	4134	2577	0
AOCS-146-1-9	300	0	0	0	4226	0	0	0	0	1060	1307	0
AOCS-147-1-1	608	0	0	0	8145	1648	0	0	0	2367	0	1056
AOCS-148-1-4	382	2378	0	0	3188	0	0	0	0	643	0	0
AOCS-149-1-7	640	7840	0	0	0	349	0	0	0	3068	0	202
AOCS-152-1-X	527	0	0	0	6413	0	0	0	0	656	1264	0
