Sample	SBS1	SBS34	SBS3	SBS18	SBS31	SBS26	SBS40	SBS20	SBS28	SBS37	SBS6	SBS30	SBS13	SBS17a	SBS17b	SBS8	SBS44	SBS5	SBS2
SP77443	579	0	3026	1058	0	0	0	0	0	0	0	0	366	0	0	0	0	3275	403
SP72118	1241	0	0	0	0	0	1993	0	0	0	0	0	192	0	0	0	0	1002	213
SP76891	1310	0	0	666	0	0	0	0	0	0	0	0	0	0	0	0	0	2417	0
SP125732	17221	0	0	0	0	33664	0	12488	0	0	18183	0	0	1509	5699	0	0	6981	0
SP125716	1531	0	0	957	0	0	0	0	0	0	0	0	0	0	0	0	0	3194	0
SP125746	16931	0	0	0	0	0	0	0	0	0	13963	0	0	0	0	0	0	17499	0
SP125797	2139	0	0	0	0	0	3072	0	0	0	0	0	0	0	0	0	0	835	0
SP76057	877	0	1623	479	0	0	0	0	0	0	0	0	47	0	0	0	0	1909	188
SP69565	1650	0	0	0	0	0	10182	0	0	0	0	0	303	400	1274	0	0	2733	1025
SP75202	896	0	1270	0	0	0	0	0	0	0	0	0	155	0	0	0	0	1374	215
SP110736	1673	0	0	0	0	0	2195	0	0	0	0	0	0	0	0	0	0	596	0
SP107774	367	0	0	1500	0	0	1624	0	0	0	0	0	74	0	0	0	0	1270	284
SP110779	1287	0	0	1694	0	0	0	0	0	0	0	0	337	159	697	0	0	6347	311
SP107805	1185	0	0	0	0	0	0	0	547	0	0	0	0	627	1794	0	0	5705	0
SP110789	798	0	4500	0	0	0	4988	0	0	0	0	0	238	0	0	0	0	29	235
SP71846	936	0	3377	0	0	0	0	0	0	0	0	0	544	0	0	0	0	3860	359
SP70122	748	0	0	825	0	0	0	0	0	0	0	0	0	0	0	0	0	2251	0
SP71404	2025	0	0	1192	0	0	0	0	0	0	0	0	0	177	660	0	0	5304	0
SP76955	820	0	0	450	0	0	0	0	0	0	0	0	0	0	0	0	0	2073	0
SP107781	991	0	0	0	0	0	2288	0	0	0	0	0	0	0	0	0	0	1078	0
SP70202	423	0	3455	0	0	0	0	0	0	0	0	0	512	0	0	0	0	1825	300
SP70677	536	0	1125	0	0	0	0	0	0	0	0	0	128	0	0	0	0	1285	151
SP70082	336	0	0	506	0	0	0	0	0	0	0	0	99	0	0	0	0	1221	123
SP70288	1253	0	0	944	0	0	0	0	0	0	0	0	0	110	213	0	0	3871	0
SP70266	243	0	0	1057	0	0	0	0	0	0	0	259	0	0	0	0	0	2161	0
SP107956	1922	0	0	0	0	0	5041	0	0	0	0	0	1037	0	0	0	0	1047	1896
SP70956	938	0	1903	0	0	0	0	0	0	0	0	0	138	0	0	0	0	1539	171
SP108017	877	0	0	0	0	0	1801	0	0	0	0	0	100	113	330	0	0	769	171
SP71536	705	0	851	0	0	0	0	0	0	0	0	0	0	0	0	0	0	1648	0
SP70756	1652	0	0	0	0	0	2714	0	0	0	0	0	0	0	0	0	0	879	0
SP76675	449	0	4807	839	0	0	0	0	0	0	0	0	208	48	280	0	0	2383	321
SP71480	1289	0	0	0	0	0	1902	0	0	0	0	0	40	0	0	0	0	1287	222
SP70313	1578	0	0	0	0	0	0	0	0	0	0	0	2375	0	0	0	0	3212	2940
SP73319	778	0	0	0	0	0	1052	0	0	0	0	0	0	0	0	0	0	659	148
SP107813	1364	0	0	765	0	0	0	0	0	0	0	0	0	0	0	0	0	2486	0
SP77339	1214	0	0	694	0	0	0	0	0	0	0	0	144	0	0	0	0	2377	193
SP76017	814	0	0	0	0	0	1455	0	0	0	0	0	345	0	0	0	0	1204	2001
SP76915	1207	0	0	0	0	0	3691	0	2060	0	0	0	608	2319	4077	0	0	3072	2227
SP71974	1505	0	5265	0	0	0	0	0	0	0	0	0	491	0	0	0	0	3415	426
SP70178	2617	0	0	0	0	0	3548	0	0	0	0	0	0	0	0	0	0	640	0
SP107920	749	0	0	0	0	0	2067	0	0	0	0	0	86	44	140	0	0	852	248
SP110798	953	0	0	0	0	0	1966	0	0	0	0	0	126	0	0	0	0	1084	256
SP107952	981	0	0	0	0	0	2664	0	0	0	0	0	226	0	0	0	0	1433	383
SP70465	656	0	0	0	0	0	3824	0	0	0	0	0	298	0	0	0	0	756	391
SP70780	1152	0	0	814	0	0	0	0	0	0	0	0	0	0	0	0	0	3017	0
SP110803	723	0	1565	0	0	0	0	0	0	0	0	396	0	0	0	0	0	523	0
SP107915	1572	0	0	0	0	0	2099	0	0	0	0	0	0	0	0	0	0	675	0
SP71132	1124	0	0	958	0	0	0	0	0	0	0	0	0	82	218	0	0	3848	0
SP71552	1144	0	0	0	0	0	4175	0	0	0	0	447	0	160	595	0	0	1237	277
SP69573	1155	0	0	0	0	0	1679	0	0	0	0	0	27	0	0	0	0	880	158
SP75681	370	0	0	0	0	0	0	0	961	0	0	0	0	187	735	0	0	4280	0
SP107874	1294	0	0	927	0	0	5300	0	0	0	0	0	0	224	211	0	0	1233	0
SP110816	499	0	845	0	0	0	0	0	0	0	0	0	0	0	0	0	0	1328	0
SP77203	1158	0	7104	0	0	0	0	0	0	0	0	0	791	0	0	0	0	3480	427
SP76515	1670	0	0	0	0	0	4168	0	0	0	0	0	0	0	0	0	0	1125	0
SP110770	793	0	0	0	0	0	0	0	261	0	0	0	181	118	334	0	0	3728	287
SP69812	1002	0	0	0	0	0	2642	0	0	0	0	0	42	0	0	0	0	151	212
SP76136	771	0	2704	1125	0	0	0	0	0	0	0	0	215	795	1047	0	0	1425	215
SP70106	861	0	2675	0	0	0	5602	0	0	0	0	0	0	0	0	0	0	522	0
SP108059	567	0	698	0	0	0	0	0	0	0	0	0	52	0	0	0	0	1497	101
SP108020	1543	0	0	0	0	0	0	0	0	0	0	0	164	0	0	0	0	3688	140
SP76867	1079	0	0	0	0	0	2315	0	0	0	0	0	16	0	0	0	0	724	152
SP108088	1327	0	0	0	0	0	3409	0	0	0	0	0	22	22	181	0	0	875	329
SP71734	917	0	0	957	0	0	0	0	0	0	0	0	0	0	0	0	0	2665	0
SP76001	551	0	1037	356	0	0	0	0	0	0	0	0	39	0	0	0	0	1314	111
SP108033	1426	0	0	0	0	0	2024	0	0	0	0	0	0	0	0	0	0	817	0
SP110822	1062	0	0	0	0	0	6512	0	0	0	0	0	2089	0	0	0	0	1149	1163
SP69762	847	0	0	971	0	0	0	0	0	0	0	0	195	0	0	0	0	2586	92
SP107945	1074	0	0	859	0	0	0	0	0	0	0	0	0	0	0	0	0	2383	0
SP107770	613	0	0	382	0	0	1533	0	0	0	0	0	73	0	0	0	0	696	154
SP73263	1009	0	0	823	0	0	0	0	0	0	0	0	0	0	0	0	0	2802	0
SP77131	1120	0	0	1190	0	0	2555	0	0	0	0	0	53	0	0	0	0	1210	270
SP75322	2439	0	6403	0	0	0	0	0	0	0	0	0	643	114	1014	0	0	7251	565
SP70046	493	0	0	0	0	0	1078	0	0	0	0	0	20	0	0	0	0	1291	179
SP70932	874	0	0	702	0	0	0	0	0	0	0	0	0	0	0	0	0	2760	0
SP71758	325	0	0	0	0	0	749	0	0	0	0	0	0	0	0	0	0	671	161
SP71228	1622	0	0	0	0	0	5090	0	0	0	0	691	0	0	0	0	0	1886	422
SP76353	680	0	0	0	0	0	0	0	0	0	0	0	162	37	108	0	0	2129	126
SP69587	698	0	0	0	0	0	917	0	0	0	0	0	0	0	0	0	0	522	0
SP69898	2265	0	0	0	0	0	5494	0	0	0	0	0	0	0	0	0	0	848	406
SP75977	798	0	0	696	0	0	0	0	0	0	0	0	126	59	148	0	0	2647	141
SP70226	757	0	1602	646	0	0	0	0	0	0	0	0	154	0	0	0	0	2048	124
SP108068	1414	0	0	0	0	0	3106	0	0	0	0	0	139	0	0	0	0	1025	162
SP107784	850	0	0	2291	0	0	0	0	0	0	0	0	180	0	0	0	0	4076	208
SP110824	1206	0	0	768	0	0	0	0	0	0	0	0	45	0	0	0	0	2285	239
SP76843	1381	0	0	0	0	0	2780	0	0	0	0	0	0	0	0	0	0	1546	185
SP71456	1142	0	0	0	0	0	5620	0	0	0	989	0	95	152	1135	0	0	1895	466
SP108065	702	0	0	1359	0	0	0	0	0	0	0	0	130	0	0	0	0	2589	119
SP70860	1177	0	0	1610	0	0	0	0	0	0	0	731	51	0	0	0	0	2851	488
SP71084	1083	0	1511	0	0	0	0	0	0	0	0	0	116	0	0	0	0	1795	178
SP72262	739	0	0	0	0	0	2150	0	0	0	0	0	63	0	0	0	0	862	152
SP69705	1897	0	0	0	0	0	4133	0	0	0	0	0	89	128	369	0	0	649	248
SP107786	1449	0	0	0	0	0	3607	0	0	0	0	0	31	0	0	0	0	1121	216
SP71576	959	0	0	0	0	0	1250	0	0	0	0	305	0	0	0	0	0	978	183
SP108123	1019	0	0	0	0	0	3125	0	0	0	0	0	366	0	0	0	0	1016	268
SP74896	1048	0	1319	564	0	0	0	0	0	0	0	0	0	0	0	0	0	1767	0
SP71950	2037	0	0	0	0	0	2773	0	0	0	0	0	24	0	0	0	0	1164	347
SP108049	662	0	0	401	0	0	906	0	0	0	0	0	27	0	0	0	0	716	169
SP116965	2007	0	13726	0	0	0	14667	0	0	0	0	0	1302	0	0	0	0	0	770
SP77930	738	0	1192	0	0	0	0	0	0	0	0	0	51	0	0	0	0	1472	125
SP125807	1520	0	0	795	0	0	2680	0	0	0	0	0	277	0	0	0	0	2159	664
SP125696	1144	0	0	0	0	0	4600	0	0	0	0	0	481	147	299	0	0	899	747
SP125725	1573	0	0	1136	0	0	0	0	0	0	0	0	333	111	427	0	0	3804	379
SP125752	1069	0	0	933	0	0	0	0	0	0	0	0	0	0	0	0	0	4108	0
SP118048	2820	0	0	0	0	0	9866	0	0	0	0	0	0	2537	4075	0	0	0	0
SP117981	347	0	0	0	0	0	2691	0	0	0	0	0	0	0	0	0	0	1783	239
SP125749	1007	0	1517	666	0	0	0	0	0	0	0	0	83	0	0	0	0	1676	172
SP125762	1032	0	0	1860	0	0	0	0	0	0	0	0	207	0	0	0	0	4226	239
SP117164	1197	0	0	0	0	0	2375	0	0	0	0	0	83	0	0	0	0	954	263
SP117002	1916	0	0	0	0	0	2737	0	0	0	0	0	67	0	0	0	0	2053	405
SP117158	825	0	1459	0	0	0	0	0	0	0	0	0	22	0	0	0	0	1466	158
SP125691	3619	0	0	1964	0	0	0	0	0	0	0	0	0	0	0	0	0	6828	0
SP125721	901	0	0	910	0	0	0	0	0	0	0	0	151	0	0	0	0	2598	184
SP125753	1065	0	0	479	0	0	1338	0	0	0	0	0	27	0	0	0	0	1066	153
SP117972	883	0	0	560	0	0	0	0	0	0	0	0	173	0	0	0	0	2345	211
SP125726	1493	0	0	0	0	0	2386	0	0	0	0	0	0	0	0	0	0	1175	0
SP125800	209	0	333	126	0	0	0	0	0	0	0	0	0	0	0	0	0	370	0
SP117745	1477	0	0	1271	0	0	0	0	0	0	0	0	114	0	0	0	0	2865	248
SP117351	1066	0	0	788	0	0	0	0	0	0	0	0	316	0	0	0	0	2615	184
SP117980	329	0	0	0	0	0	2622	0	0	0	0	0	0	0	0	0	0	2101	203
SP117878	777	0	0	1026	0	0	0	0	0	0	0	0	0	0	0	0	0	2243	0
SP125805	1307	0	0	841	0	0	0	0	0	0	0	0	102	0	0	0	0	2420	232
SP78013	1006	0	0	907	0	0	0	0	0	0	0	0	146	0	0	0	0	2713	185
SP118083	1104	0	8873	0	0	0	0	0	0	0	0	0	683	0	0	0	0	4678	547
SP125772	396	0	0	0	0	0	1226	0	0	0	0	0	18	0	0	0	0	904	110
SP117216	1254	0	0	1220	0	0	0	0	0	0	0	0	0	41	189	0	0	3958	0
SP125784	1020	0	0	0	0	0	2060	0	0	0	0	0	127	0	0	0	0	667	194
SP117323	1792	0	0	0	0	0	5611	0	0	0	0	0	196	312	898	0	0	1892	802
SP118046	1156	0	0	0	0	0	2190	0	0	0	0	0	32	0	0	0	0	1351	156
SP77888	949	0	0	0	0	0	1375	0	0	0	0	0	0	0	0	0	0	1093	0
SP125766	2415	0	0	0	0	0	3571	0	0	0	0	0	0	0	0	0	0	1180	0
SP125737	1174	0	0	0	0	0	3631	0	0	0	0	0	348	0	0	0	0	1450	341
SP125763	1505	0	2488	1005	0	0	0	0	0	0	0	0	210	0	0	0	0	2959	372
SP125802	1203	0	0	0	0	0	2338	0	0	0	0	0	0	0	0	0	0	523	0
SP117656	874	0	5270	1241	0	0	0	0	0	0	0	0	333	0	0	0	0	1800	228
SP77872	507	0	0	0	0	0	1272	0	0	0	0	0	29	0	0	0	0	418	88
SP117309	1603	0	0	0	0	0	2188	0	0	0	0	0	0	0	0	0	0	1710	370
SP117201	1401	0	0	0	0	0	3449	0	0	0	0	0	232	0	0	0	0	1258	457
SP125685	1300	0	0	0	0	0	3161	0	0	0	0	0	149	0	0	0	0	782	252
SP117463	1446	0	0	0	0	0	2497	0	0	0	0	515	0	0	0	0	0	809	354
SP117568	1744	0	0	0	0	0	4813	0	0	0	0	0	1089	0	0	0	0	1439	803
SP125717	1052	0	0	0	0	0	2214	0	0	0	0	0	0	0	0	0	0	538	0
SP125794	1182	0	0	0	0	0	0	0	0	0	0	0	0	0	0	0	0	3024	0
SP125756	876	0	4326	0	0	0	4969	0	0	0	0	0	1429	354	701	0	0	674	846
SP117441	1956	0	0	0	0	0	2434	0	0	0	0	0	84	0	0	0	0	1388	278
SP125780	1347	0	0	0	0	0	2492	0	0	0	0	0	0	0	0	0	0	1750	401
SP125764	1238	0	4575	0	0	0	7845	0	0	0	0	0	246	0	0	0	0	728	305
SP117690	972	0	0	0	0	0	1767	0	0	0	0	0	0	0	0	0	0	995	0
SP125742	767	0	1165	0	0	0	0	0	0	0	0	0	0	0	0	0	0	1730	0
SP125804	669	0	3796	894	0	0	5624	0	0	0	0	0	0	0	0	0	0	753	0
SP125695	1088	0	0	0	0	0	1406	0	0	0	0	275	13	0	0	0	0	908	216
SP77986	609	0	0	0	0	0	885	0	0	0	0	0	0	0	0	0	0	450	0
SP125689	1063	0	5795	2007	0	0	0	0	0	0	0	0	192	471	776	0	0	4057	466
SP117523	909	0	0	0	0	0	1863	0	0	0	0	0	0	0	0	0	0	1106	0
SP125694	1443	0	0	0	0	0	1960	0	0	0	0	0	0	0	0	0	0	981	0
SP125745	766	0	0	0	0	0	0	0	0	0	0	0	94	0	0	0	0	2225	110
SP117001	956	0	0	438	0	0	0	0	0	0	0	0	0	0	0	0	0	1901	0
SP117949	1649	0	0	0	0	0	3529	0	0	0	0	0	104	0	0	0	0	1948	410
SP117653	1183	0	0	610	0	0	0	0	0	0	0	0	0	0	0	0	0	2156	0
SP117522	898	0	0	0	0	0	1696	0	0	0	0	0	0	0	0	0	0	1098	0
SP125710	1365	0	0	0	0	0	2115	0	0	0	0	0	0	0	0	0	0	991	0
SP117214	1376	0	0	1071	0	0	0	0	0	0	0	0	0	0	0	0	0	2931	0
SP125768	1835	0	0	2963	0	0	0	991	0	0	0	0	560	306	483	0	0	5928	268
SP117722	1537	0	0	0	0	0	2112	0	0	0	0	0	0	0	0	0	0	806	0
SP125699	1477	0	0	772	0	0	0	0	0	0	0	0	0	0	0	0	0	3027	0
SP125771	2121	0	0	0	0	0	8350	0	0	0	0	0	0	0	0	0	0	1797	296
SP125719	1203	0	0	0	0	0	4161	0	0	0	0	0	706	0	0	0	0	947	565
SP117648	1190	0	1359	0	0	0	0	0	0	0	0	0	0	0	0	0	0	2444	0
SP125760	1075	0	0	0	0	0	2291	0	0	0	0	0	83	0	0	0	0	1128	248
SP125770	1580	0	16617	0	0	26904	0	9255	0	0	0	0	0	0	0	0	0	1098	0
SP77956	1226	0	0	1399	0	0	0	0	0	0	0	0	0	0	0	0	0	2880	0
SP125785	1271	0	0	0	0	0	2534	0	0	0	0	0	0	53	282	0	0	688	0
SP125706	477	0	3434	0	0	0	0	0	0	0	0	0	504	0	0	2078	0	2913	349
SP125705	1566	0	0	0	0	0	3119	0	0	0	0	0	0	0	0	0	0	712	0
SP125715	483	0	720	336	0	0	0	0	0	0	0	0	0	0	0	0	0	586	90
SP116962	561	0	0	0	0	0	0	0	0	0	0	516	0	0	0	0	0	1751	0
SP117660	744	0	0	668	0	0	0	0	0	0	0	0	0	0	0	0	0	2423	0
SP117643	1049	0	8625	0	0	0	0	0	0	0	0	0	257	0	0	0	0	3421	288
SP125713	768	0	5280	0	0	0	0	0	0	0	0	0	2123	0	0	0	0	2575	1129
SP117760	913	0	0	0	0	0	2379	0	0	0	0	0	95	0	0	0	0	1277	338
SP116968	1005	0	0	0	0	0	2153	0	0	0	0	0	32	0	0	0	0	1119	199
SP125775	577	0	0	620	0	0	0	0	0	0	0	0	112	0	0	0	0	1917	140
SP125731	826	0	0	759	0	0	0	0	0	0	0	0	212	0	0	0	0	2359	190
SP125733	993	0	0	0	0	0	1965	0	0	0	0	0	37	0	0	0	0	843	102
SP78502	714	0	0	0	0	0	0	0	0	0	0	0	83	0	0	0	0	1740	129
SP125791	657	0	0	483	0	0	0	0	0	0	0	0	119	0	0	0	0	1554	205
SP125755	593	0	0	1540	0	0	0	0	0	0	0	0	0	0	0	0	0	2922	0
SP117340	2065	0	0	0	0	0	5939	0	0	0	0	0	0	0	0	0	0	2650	0
SP125781	1242	0	0	0	0	0	1751	0	0	0	0	0	0	0	0	0	0	1040	151
SP125783	1102	0	0	0	0	0	3050	0	0	0	0	0	0	0	0	0	0	1412	253
SP116950	1696	0	0	0	0	0	2137	0	0	0	0	0	0	0	0	0	0	1179	0
SP125712	1176	0	0	0	0	0	1933	0	0	0	0	0	501	0	0	0	0	935	605
SP125786	555	0	2691	0	0	0	3276	0	0	0	0	0	0	0	0	0	0	365	0
SP125693	1990	0	0	2129	0	0	0	0	0	0	0	0	195	0	0	0	0	4994	341
SP116949	1561	0	0	0	0	0	6735	0	0	0	0	2567	103	0	0	0	0	3589	972
SP78533	423	0	0	667	0	0	0	0	0	0	0	0	0	0	0	0	0	1731	0
SP117215	1598	0	0	0	0	0	4818	0	0	0	0	0	0	0	0	0	0	575	0
SP117040	2061	0	0	0	0	0	2584	0	0	0	0	0	0	0	0	0	0	1170	0
SP117476	1178	0	0	686	0	0	0	0	0	0	0	0	0	39	180	0	0	2943	0
SP116985	1271	0	0	0	0	0	0	0	0	0	0	0	0	0	0	0	0	3253	0
SP125769	629	0	953	0	0	0	0	0	0	0	0	0	0	0	0	0	0	1105	0
SP125778	719	0	10568	0	0	0	0	0	0	0	0	0	2585	0	0	0	0	2887	956
SP117440	955	0	0	1218	0	0	0	0	0	0	0	0	191	0	0	0	0	2336	219
SP125730	1017	0	0	788	0	0	0	0	0	0	0	0	0	0	0	0	0	2442	0
SP125686	1310	0	0	849	0	0	0	0	0	0	0	0	0	0	0	0	0	2560	0
SP125758	1175	0	0	0	0	0	2397	0	0	0	0	0	281	0	0	0	0	1025	287
SP77848	786	0	0	476	0	0	0	0	0	0	0	0	149	0	0	0	0	1401	173
SP117974	1967	0	0	941	0	0	0	0	0	0	0	0	0	0	0	0	0	2695	0
SP117911	1677	0	0	1002	0	0	0	0	0	0	0	0	0	0	0	0	0	4746	0
SP117165	1064	0	0	0	0	0	2162	0	0	0	0	0	123	0	0	0	0	1479	276
SP117412	976	0	3585	739	0	0	0	0	0	0	0	0	247	0	0	0	0	1967	283
SP117650	724	0	0	0	0	0	2220	0	0	0	0	322	0	0	0	0	0	523	0
SP117076	329	0	0	0	0	0	1331	0	0	0	0	0	87	0	0	0	0	901	285
SP125757	968	0	0	0	0	0	0	0	0	0	0	0	82	0	0	0	0	2438	134
SP125711	1532	0	0	0	0	0	3740	0	0	0	0	0	63	0	0	0	0	554	209
SP125811	1067	0	0	698	0	0	0	0	0	0	0	0	143	56	135	0	0	2595	122
SP125723	504	0	1373	0	0	0	0	0	0	0	0	0	46	0	0	0	0	1678	160
SP125809	1244	0	0	0	0	0	0	0	828	0	0	0	0	347	722	0	0	4219	0
SP125722	791	0	0	0	0	0	1304	0	0	0	0	0	0	0	0	0	0	642	0
SP117908	1000	0	0	730	0	0	0	0	0	0	0	0	136	0	0	0	0	2631	182
SP125741	1167	0	0	835	0	0	0	0	0	0	0	0	105	0	0	0	0	3272	220
SP125724	1102	0	0	0	0	0	0	0	0	0	0	0	124	0	0	0	0	2620	146
SP117037	958	0	0	753	0	0	0	0	0	0	0	0	0	0	0	0	0	2222	0
SP125777	528	0	4863	1187	0	0	0	0	0	0	0	0	0	0	0	0	0	2218	0
SP117291	1434	0	0	0	0	0	4106	0	0	0	0	0	0	0	0	0	0	1512	189
SP125793	670	0	1355	0	0	0	0	0	0	0	0	0	0	0	0	0	0	1208	0
SP125744	865	0	0	622	0	0	0	0	0	0	0	0	113	0	0	0	0	1992	176
SP125795	914	0	0	515	0	0	0	0	0	0	0	0	111	0	0	0	0	2359	146
SP125703	1261	0	0	0	0	0	0	0	0	0	0	0	156	0	0	0	0	2967	203
SP125761	594	0	2151	571	0	0	0	0	0	0	0	0	165	0	0	0	0	1306	185
SP117661	1135	0	0	753	0	0	0	0	0	0	0	0	0	0	0	0	0	2786	0
SP125776	1532	0	0	0	0	0	0	0	0	0	0	0	72	0	0	0	0	3789	282
SP117261	1124	0	0	603	0	0	0	0	0	0	0	0	0	0	0	0	0	2640	0
SP125698	793	0	5870	0	0	0	0	0	0	0	0	0	711	0	0	0	0	1837	390
SP125714	1451	0	0	0	0	0	3068	0	0	0	0	0	364	94	326	0	0	1122	722
SP77972	3112	0	0	0	0	0	2565	0	0	0	0	0	0	0	0	0	0	2002	0
SP77866	804	0	0	576	0	0	0	0	0	0	0	0	41	0	0	0	0	1519	149
SP125704	1185	0	1742	0	0	0	0	0	0	0	0	0	0	0	0	0	0	1771	0
SP117290	1312	0	0	1267	0	0	0	0	0	0	0	0	0	0	0	0	0	5118	0
SP125738	800	0	0	0	0	0	1349	0	0	0	0	0	22	0	0	0	0	809	531
8015184	131	0	195	150	0	0	0	0	0	0	0	0	0	0	0	0	0	136	27
8034291	1546	565	3907	1783	0	0	0	0	0	0	0	0	0	206	725	0	0	4042	0
PCSI_0145_Pa_P_526	44	0	268	0	0	0	300	0	0	0	0	0	47	0	0	0	0	153	23
PCSI_0295_Pa_P_526	953	0	0	0	0	0	0	0	0	0	0	0	71	0	0	0	0	2555	127
PCSI_0330_Pa_P_526	666	213	0	343	0	0	0	0	0	0	0	0	0	0	0	0	0	2024	0
8012341	556	0	0	0	7107	0	0	0	0	0	0	0	0	0	0	0	0	4340	0
8012346	1110	321	3082	0	0	0	0	0	0	0	0	0	98	0	0	0	0	3031	267
8012351	934	0	0	0	0	0	2913	0	0	0	0	0	0	145	571	0	0	763	0
8012352	799	0	0	0	0	0	2555	0	0	0	0	0	0	12	133	0	0	598	0
8012774	806	208	0	816	0	0	0	0	0	0	0	0	100	159	485	0	0	2573	174
8013222	1562	438	0	0	0	0	2155	0	0	0	0	0	0	88	348	0	0	3327	0
8013912	1103	0	0	462	0	0	0	0	0	0	0	0	70	0	0	0	0	2732	191
8014573	933	0	6481	0	0	0	6136	0	0	1577	0	0	881	0	0	0	0	901	451
8014964	1425	313	2990	0	0	0	0	0	0	0	0	0	0	0	0	0	0	2657	0
8015127	419	0	0	0	0	0	0	0	0	0	0	0	21	0	0	0	0	883	63
8016470	15722	0	0	0	0	0	0	0	0	0	0	0	0	0	0	0	35476	30571	0
8016537	1035	375	0	0	0	0	0	0	0	0	0	0	0	0	0	0	0	3367	0
8031867	2937	575	0	0	0	0	6629	0	0	0	0	0	664	0	0	0	0	2105	314
8033414	1189	0	0	1199	0	0	6463	0	0	0	0	0	912	0	0	0	0	1482	546
8033471	1243	0	0	566	0	0	0	0	0	0	0	0	58	0	0	0	0	1768	205
8033510	859	204	1238	0	0	0	0	0	0	0	0	0	117	0	0	0	0	1588	188
8033691	1041	262	0	590	0	0	0	0	0	0	0	0	0	0	0	0	0	3117	0
8034048	820	0	1043	294	0	0	0	0	0	0	0	0	97	0	0	0	0	1434	133
8035591	589	0	0	0	0	0	2097	0	0	0	0	0	295	0	0	0	0	857	913
8035603	2628	0	0	0	0	0	0	0	0	0	0	0	0	1047	4723	0	0	7577	0
8035823	1379	0	2079	0	0	0	0	0	0	0	0	0	0	0	0	0	0	1980	0
8036161	1090	0	5713	0	0	0	8383	0	0	0	0	0	976	86	470	0	0	179	828
8044180	944	0	0	0	0	0	2153	0	0	0	0	0	319	0	0	0	0	992	267
8044460	825	0	0	421	0	0	0	0	0	0	0	0	141	0	0	0	0	1650	470
8044719	966	0	1270	0	0	0	0	0	0	0	0	0	0	0	0	0	0	1217	176
8047810	700	0	0	302	0	0	0	0	0	0	0	0	0	0	0	0	0	1677	0
8047815	511	167	0	442	0	0	0	0	0	0	0	0	83	0	0	0	0	1926	89
8047838	838	0	0	357	0	0	0	0	0	0	0	0	0	0	0	0	0	1839	0
8047856	738	0	0	505	0	0	0	0	0	0	0	0	27	0	0	0	0	1521	81
8047881	1251	0	0	741	0	0	0	0	0	0	0	0	48	0	0	0	0	2021	139
8047913	1119	266	1694	0	0	0	0	0	0	0	0	0	55	0	0	0	0	1924	205
8048316	1321	0	0	0	0	0	0	0	0	0	0	0	152	0	0	0	0	5109	1292
8049749	917	249	2040	0	0	0	0	0	0	0	0	0	108	183	616	0	0	1878	249
8050103	680	188	0	621	0	0	0	0	0	0	0	0	53	0	0	0	0	1886	153
8052859	933	0	2118	896	0	0	0	0	0	0	0	0	189	0	0	0	0	2674	420
8057473	768	0	0	0	0	0	0	0	0	0	0	0	49	0	0	0	0	2126	200
8057501	890	0	6485	0	0	0	3627	0	0	0	0	0	1173	0	0	0	0	2042	492
8057528	1825	290	0	0	0	0	4267	0	0	0	0	0	326	0	0	0	0	1395	353
8057574	1297	0	0	0	0	0	5327	0	0	0	0	0	595	0	0	0	0	856	1117
8057700	1602	530	0	0	0	0	5268	0	0	1290	0	0	442	0	0	0	0	2431	84
8057726	1327	324	0	914	0	0	0	0	0	0	0	0	184	56	245	0	0	3216	353
8062296	816	238	0	0	0	0	2600	0	0	426	0	0	0	0	0	0	0	456	0
8062306	1302	0	0	982	0	0	0	0	0	0	0	0	78	0	0	0	0	3360	422
8062307	758	0	0	2453	0	0	2007	0	0	0	0	0	0	0	0	0	0	957	0
8062308	1025	0	0	0	0	0	0	0	0	0	0	0	0	0	0	0	0	23214	0
8064580	843	162	1201	0	0	0	0	0	0	0	0	0	146	0	0	0	0	1717	183
8066440	1467	0	0	0	0	0	3247	0	0	0	0	0	527	0	0	0	0	1232	483
8066443	707	190	0	462	0	0	0	0	0	0	0	0	0	0	0	0	0	2583	0
8066452	887	0	1438	391	0	0	0	0	0	0	0	0	0	0	0	0	0	1530	0
8066464	585	0	2558	546	0	0	0	0	0	0	0	0	304	0	0	0	0	1509	320
8066467	756	0	0	0	0	0	3240	0	0	0	0	0	168	0	0	0	0	1712	116
8066470	591	209	0	413	0	0	0	0	0	0	0	0	55	0	0	0	0	2253	150
8066491	1024	268	3348	0	0	0	4709	0	0	0	0	0	0	0	0	0	0	0	0
8066500	582	0	726	361	0	0	0	0	0	0	0	0	50	83	258	0	0	1446	102
8067232	1208	0	0	0	0	0	1660	0	0	0	0	0	132	0	0	0	0	804	192
8068539	1381	0	0	777	0	0	0	0	0	0	0	0	226	0	0	0	0	2779	310
8068551	679	0	0	375	0	0	0	0	0	0	0	0	71	0	0	0	0	1761	84
8068577	1257	240	0	0	0	0	0	0	0	0	0	0	94	0	0	0	0	2444	144
8068600	1105	235	0	822	0	0	0	0	0	0	0	0	132	0	0	0	0	2695	217
8068988	739	0	0	336	0	0	1827	0	0	0	0	0	0	0	0	0	0	1034	0
8069319	852	0	0	0	0	0	968	0	0	0	0	0	0	0	0	0	0	1002	0
8069321	852	0	1767	0	0	0	0	0	0	0	0	0	37	0	0	0	0	1439	292
8069329	1062	0	0	550	0	0	0	0	0	0	0	0	103	0	0	0	0	2753	175
8069331	795	0	0	0	0	0	2322	0	0	0	0	0	504	0	0	0	0	1526	360
8069334	1226	0	0	0	0	0	0	0	0	0	0	0	0	456	1682	0	0	3738	0
8069459	1931	0	2112	0	0	0	0	0	0	0	0	0	149	0	220	0	0	1591	219
8070202	1323	301	2446	0	0	0	0	0	0	0	0	0	117	0	0	0	0	1985	271
ASHPC_0006_Pa_P	1788	367	3751	1098	0	0	0	0	0	0	0	0	0	0	0	0	0	2392	0
ASHPC_0013_Pa_P	1519	508	0	0	0	0	0	0	0	0	0	0	0	0	0	0	0	4530	0
ASHPC_0014_Pa_P	297	0	577	680	0	0	0	0	0	0	0	0	0	0	0	0	0	1026	0
ASHPC_0016_Pa_P	1172	0	0	0	0	0	0	0	0	0	0	0	96	0	0	0	0	2961	249
PCSI_0005_Pa_X	1319	0	0	0	0	0	0	0	0	0	0	0	90	0	0	0	0	3561	205
PCSI_0009_Pa_X	1271	0	4867	0	0	0	7509	0	0	0	0	0	1124	0	0	0	0	495	600
PCSI_0010_Pa_X	937	0	0	0	0	0	2246	0	0	0	0	0	0	0	0	0	0	980	0
PCSI_0017_Pa_P	511	105	1012	0	0	0	1689	0	0	0	0	0	0	0	0	0	0	549	0
PCSI_0020_Pa_X	971	370	2425	845	0	0	0	0	0	0	0	0	159	0	0	0	0	1858	215
PCSI_0085_Pa_P	418	127	0	589	0	0	0	0	0	0	0	0	56	0	0	0	0	1401	135
PCSI_0102_Pa_P	631	0	0	455	0	0	0	0	0	0	0	0	53	0	0	0	0	1963	120
PCSI_0114_Pa_P	980	0	0	497	0	0	0	0	0	0	0	0	51	0	0	0	0	2533	111
PCSI_0127_Pa_P	893	0	0	0	0	0	1873	0	0	0	0	0	719	0	0	0	0	287	801
PCSI_0286_Pa_P_526	72	31	0	0	0	0	0	0	0	0	0	0	0	0	0	0	0	780	0
SP125707	0	0	22	0	0	0	0	0	0	0	0	0	0	0	0	0	0	0	0
