Sample	SBS10a	SBS1	SBS36	SBS21	SBS18	SBS40	SBS20	SBS15	SBS10b	SBS28	SBS6	SBS13	SBS14	SBS17a	SBS17b	SBS44	SBS5	SBS2
TCGA-BR-8680-01A-11D-2394-08	1612	587	0	0	0	0	0	0	2696	0	0	0	0	0	0	0	2954	0
TCGA-3M-AB46-01A-11D-A410-08	0	26	0	0	0	125	0	0	0	0	0	14	0	0	0	0	24	0
TCGA-3M-AB47-01A-22D-A410-08	0	45	0	0	0	0	0	0	0	0	0	0	0	0	0	0	98	0
TCGA-B7-5816-01A-21D-1600-08	0	328	0	0	0	0	229	137	0	0	0	0	0	0	0	0	728	0
TCGA-B7-A5TI-01A-11D-A31L-08	0	262	0	0	0	0	123	86	0	0	0	0	0	0	0	0	232	0
TCGA-B7-A5TJ-01A-11D-A31L-08	0	122	0	0	0	0	0	0	0	0	0	0	0	13	30	0	150	0
TCGA-B7-A5TK-01A-12D-A31L-08	0	35	0	0	0	24	0	0	0	0	0	0	0	0	0	0	0	0
TCGA-BR-4183-01A-02D-1126-08	0	29	0	0	0	34	0	0	0	0	0	0	0	0	0	0	17	0
TCGA-BR-4188-01A-01D-1126-08	0	60	0	0	0	0	0	0	0	0	0	0	0	0	0	0	38	0
TCGA-BR-4201-01A-01D-1126-08	0	489	0	0	0	0	0	208	0	0	0	0	0	0	0	0	824	0
TCGA-BR-4256-01A-01D-1126-08	0	198	0	0	0	0	232	0	0	0	254	0	0	0	0	0	478	0
TCGA-BR-4257-01A-01D-1126-08	0	238	0	0	0	0	211	0	0	0	231	0	0	0	0	0	585	0
TCGA-BR-4279-01A-01D-1126-08	0	15	0	0	0	0	0	0	12	0	0	0	0	0	0	0	33	0
TCGA-BR-4292-01A-01D-1126-08	0	901	0	0	0	0	0	0	0	0	0	0	0	0	0	0	633	0
TCGA-BR-4357-01A-01D-1158-08	0	19	0	0	0	0	0	0	0	0	0	36	0	30	34	0	175	22
TCGA-BR-4361-01A-01D-1158-08	0	384	0	923	0	0	0	309	0	0	0	0	0	0	0	0	1176	0
TCGA-BR-4362-01A-01D-1158-08	0	609	0	0	0	0	167	160	0	0	0	0	0	67	85	0	644	0
TCGA-BR-4363-01A-01D-1158-08	0	228	0	0	0	0	97	0	0	0	0	0	0	0	0	0	274	0
TCGA-BR-4366-01A-01D-1158-08	0	36	0	0	0	0	0	0	0	0	0	12	0	0	10	0	113	0
TCGA-BR-4368-01A-01D-1158-08	0	469	0	0	0	0	0	211	0	0	0	0	0	0	0	0	777	0
TCGA-BR-4369-01A-01D-1158-08	0	48	0	0	0	0	0	0	0	0	0	11	0	14	54	0	84	18
TCGA-BR-4370-01A-01D-1158-08	0	672	0	0	0	0	158	0	0	0	0	0	0	0	0	0	417	0
TCGA-BR-4371-01A-01D-1158-08	0	92	0	0	0	0	0	0	0	0	0	0	0	0	0	0	113	0
TCGA-BR-6453-01A-11D-1800-08	0	52	0	0	0	0	0	0	0	0	0	0	0	35	81	0	60	0
TCGA-BR-6455-01A-11D-1800-08	0	49	0	0	0	0	0	0	0	0	0	0	0	0	0	0	69	0
TCGA-BR-6457-01A-21D-1800-08	0	42	0	0	0	73	0	0	0	0	0	0	0	0	19	0	13	0
TCGA-BR-6458-01A-11D-1800-08	0	58	0	0	0	0	0	0	0	0	0	0	0	46	165	0	111	0
TCGA-BR-6563-01A-13D-2053-08	0	40	0	0	0	36	0	0	0	0	0	0	0	0	0	0	0	0
TCGA-BR-6566-01A-11D-1800-08	0	243	0	0	0	0	213	168	0	0	0	0	0	0	0	0	434	0
TCGA-BR-6705-01A-12D-1882-08	0	38	0	0	0	53	0	0	0	0	0	0	0	12	11	0	0	0
TCGA-BR-6706-01A-11D-1882-08	0	27	0	0	0	0	0	0	0	0	0	0	0	73	69	0	82	0
TCGA-BR-6707-01A-11D-1882-08	0	44	0	0	0	48	0	0	0	0	0	0	0	0	0	0	0	0
TCGA-BR-6802-01A-11D-1882-08	0	65	0	0	0	0	0	252	0	0	0	0	0	0	0	0	219	0
TCGA-BR-6852-01A-11D-1882-08	0	250	0	0	0	0	167	289	0	0	0	0	0	0	0	0	485	0
TCGA-BR-7197-01A-11D-2201-08	0	65	0	0	0	0	0	0	0	0	0	0	0	0	45	0	116	0
TCGA-BR-7703-01A-11D-2053-08	0	331	0	0	0	0	109	0	0	0	0	0	0	0	0	0	358	0
TCGA-BR-7704-01A-11D-2053-08	0	46	0	0	0	244	0	0	0	0	0	17	0	20	50	0	46	21
TCGA-BR-7707-01A-11D-2053-08	0	468	0	0	0	0	207	199	0	0	0	0	0	0	0	0	666	0
TCGA-BR-7715-01A-11D-2053-08	0	46	0	0	0	0	0	0	0	0	0	0	0	0	10	0	107	0
TCGA-BR-7716-01A-21D-2053-08	0	17	0	0	0	88	0	0	0	0	0	37	0	0	0	0	23	32
TCGA-BR-7717-01A-11D-2053-08	0	58	0	0	0	0	0	0	0	0	0	0	0	0	18	0	97	0
TCGA-BR-7723-01A-11D-2053-08	0	42	0	0	0	68	0	0	0	0	0	0	0	29	33	0	20	0
TCGA-BR-7851-01A-11D-2201-08	0	743	0	0	0	0	242	0	0	0	0	0	0	0	0	0	627	0
TCGA-BR-7901-01A-11D-2201-08	0	44	0	0	0	119	0	0	0	0	0	0	0	24	21	0	0	14
TCGA-BR-7958-01A-21D-2340-08	0	34	0	0	0	102	0	0	0	0	0	0	0	0	20	0	40	0
TCGA-BR-7959-01A-11D-2340-08	0	30	0	0	0	0	0	0	0	0	0	0	0	0	10	0	75	0
TCGA-BR-8059-01A-11D-2340-08	0	196	0	0	0	0	113	0	0	0	0	0	0	13	39	0	479	0
TCGA-BR-8060-01A-11D-2340-08	0	37	0	0	0	104	0	0	0	0	0	0	0	33	42	0	46	14
TCGA-BR-8077-01A-11D-2340-08	0	36	0	0	0	0	0	0	0	0	0	0	0	0	0	0	88	0
TCGA-BR-8078-01A-11D-2340-08	0	501	0	0	0	0	202	269	0	0	0	0	0	0	0	0	650	0
TCGA-BR-8080-01A-11D-2340-08	0	62	0	0	0	104	0	0	0	0	0	0	0	15	27	0	14	0
TCGA-BR-8081-01A-11D-2340-08	0	373	0	0	0	0	184	151	0	0	0	0	0	0	0	0	327	0
TCGA-BR-8284-01A-11D-2340-08	0	190	0	0	0	0	53	0	0	0	0	0	0	0	0	0	165	0
TCGA-BR-8285-01A-11D-2340-08	0	46	0	0	0	48	0	0	0	0	0	0	0	0	0	0	14	0
TCGA-BR-8286-01A-12D-2340-08	0	44	0	0	0	53	0	0	0	0	0	0	0	0	13	0	41	0
TCGA-BR-8289-01A-11D-2340-08	0	42	0	0	0	67	0	0	0	0	0	0	0	16	40	0	77	0
TCGA-BR-8296-01A-11D-2340-08	0	47	0	0	0	22	0	0	0	0	0	0	0	0	0	0	0	0
TCGA-BR-8297-01A-12D-2340-08	0	49	0	0	0	0	0	0	0	0	0	0	0	37	67	0	136	0
TCGA-BR-8360-01A-11D-2340-08	0	303	0	0	0	0	0	239	0	0	0	0	0	0	0	0	473	0
TCGA-BR-8361-01A-11D-2340-08	0	603	0	0	0	0	0	208	0	0	0	0	0	0	0	0	952	0
TCGA-BR-8363-01A-11D-2340-08	0	324	0	0	0	0	196	150	0	0	0	0	0	0	0	0	672	0
TCGA-BR-8366-01A-11D-2340-08	0	27	0	0	0	0	0	0	0	0	0	0	0	25	36	0	122	0
TCGA-BR-8367-01A-11D-2340-08	0	31	0	0	0	0	0	0	0	0	0	0	0	0	0	0	41	0
TCGA-BR-8368-01A-11D-2340-08	0	558	0	0	0	0	132	0	0	0	0	0	0	0	0	0	402	0
TCGA-BR-8369-01A-11D-2340-08	0	71	0	0	0	93	0	0	0	0	0	0	0	26	31	0	36	0
TCGA-BR-8370-01A-11D-2340-08	0	55	0	0	0	87	0	0	0	0	0	0	0	0	0	0	0	0
TCGA-BR-8372-01A-11D-2340-08	0	242	0	0	0	0	0	175	0	0	0	0	0	0	0	0	785	0
TCGA-BR-8380-01A-11D-2340-08	0	46	0	0	0	32	0	0	0	0	0	0	0	0	0	0	13	0
TCGA-BR-8382-01A-11D-2394-08	0	372	0	0	0	0	138	132	0	0	0	0	0	0	0	0	401	0
TCGA-BR-8483-01A-31D-2394-08	0	52	0	0	0	47	0	0	0	0	0	0	0	0	0	0	40	0
TCGA-BR-8485-01A-11D-2394-08	0	23	0	0	0	0	0	0	0	0	0	0	0	74	153	0	139	0
TCGA-BR-8487-01A-11D-2394-08	0	1096	0	0	0	0	732	0	0	0	0	0	0	0	0	0	1412	0
TCGA-BR-8588-01A-11D-2394-08	0	57	0	0	0	40	0	0	0	0	0	0	0	11	11	0	32	0
TCGA-BR-8590-01A-11D-2394-08	0	41	0	0	0	60	0	0	0	0	0	0	0	23	35	0	0	0
TCGA-BR-8591-01A-11D-2394-08	0	552	0	0	0	0	339	0	0	0	0	0	0	0	0	0	565	0
TCGA-BR-8678-01A-11D-2394-08	0	34	0	0	0	0	0	0	0	0	0	0	0	0	0	0	81	12
TCGA-BR-8679-01A-11D-2394-08	0	59	0	0	0	0	0	18	0	0	0	0	0	0	10	0	89	13
TCGA-BR-8683-01A-11D-2394-08	0	60	0	0	0	111	0	0	0	0	0	0	0	0	0	0	17	0
TCGA-BR-8686-01A-11D-2394-08	0	49	0	0	0	76	0	0	0	0	0	0	0	0	0	0	0	12
TCGA-BR-8687-01A-11D-2394-08	0	17	0	0	0	0	0	0	0	0	0	0	0	53	78	0	86	0
TCGA-BR-A44U-01A-11D-A24D-08	0	62	0	0	0	42	0	0	0	0	0	0	0	0	0	0	0	0
TCGA-BR-A452-01A-91D-A25D-08	0	17	0	0	0	0	0	0	0	0	0	18	0	0	27	0	54	11
TCGA-BR-A4CQ-01A-12D-A25D-08	0	54	0	0	0	0	0	0	0	0	0	0	0	0	0	0	165	0
TCGA-BR-A4CS-01A-11D-A24D-08	0	62	0	0	0	115	0	0	0	0	0	0	0	0	0	0	19	0
TCGA-BR-A4IY-01A-11D-A25D-08	0	57	0	0	0	127	0	0	0	0	0	0	0	0	0	0	0	0
TCGA-BR-A4J2-01A-21D-A25D-08	0	41	0	0	0	0	0	0	0	0	0	0	0	0	0	0	28	0
TCGA-BR-A4J5-01A-21D-A25D-08	0	47	0	0	0	54	0	0	0	0	0	0	0	0	0	0	0	0
TCGA-BR-A4J7-01A-31D-A25D-08	0	33	0	0	0	0	0	0	0	0	0	0	0	0	0	0	38	0
TCGA-BR-A4J8-01A-11D-A25D-08	0	49	0	0	0	35	0	0	0	0	0	0	0	0	0	0	22	10
TCGA-BR-A4PD-01A-11D-A25D-08	0	18	0	0	0	75	0	0	0	0	0	0	0	33	41	0	25	0
TCGA-BR-A4PE-01A-31D-A25D-08	0	94	0	0	0	130	0	0	0	0	0	0	0	0	16	0	10	0
TCGA-BR-A4PF-01A-11D-A25D-08	0	36	0	0	0	57	0	0	0	0	0	0	0	0	0	0	31	0
TCGA-BR-A4QI-01A-12D-A25D-08	0	43	0	0	0	61	0	0	0	0	0	0	0	13	0	0	20	10
TCGA-BR-A4QL-01A-31D-A25D-08	0	861	0	0	0	0	0	250	0	0	0	0	0	0	0	0	860	0
TCGA-BR-A4QM-01A-12D-A25D-08	0	35	0	0	0	0	0	0	0	0	0	0	0	12	0	0	72	0
TCGA-CD-5798-01A-11D-1600-08	0	35	0	0	0	45	0	0	0	0	0	0	0	0	0	0	33	0
TCGA-CD-5800-01A-11D-1600-08	0	65	0	0	0	45	0	0	0	0	0	0	0	0	0	0	63	30
TCGA-CD-5801-01A-11D-1600-08	0	43	0	0	0	97	0	0	0	105	0	0	0	50	68	0	180	0
TCGA-CD-5804-01A-12D-2053-08	0	33	0	0	0	0	0	0	0	0	0	0	0	0	0	0	56	0
TCGA-CD-5813-01A-11D-1600-08	0	52	0	0	0	107	0	0	0	0	0	0	0	0	0	0	65	0
TCGA-CD-8524-01A-11D-2340-08	0	70	0	0	0	0	0	0	0	0	0	0	0	0	0	0	121	0
TCGA-CD-8527-01A-11D-2340-08	0	71	0	0	0	0	0	0	0	0	57	0	0	0	12	0	165	0
TCGA-CD-8528-01A-11D-2340-08	0	65	0	0	0	32	0	0	0	0	0	0	0	0	0	0	41	0
TCGA-CD-8530-01A-11D-2340-08	0	31	0	0	0	41	0	0	0	0	0	0	0	0	24	0	0	0
TCGA-CD-8531-01A-11D-2340-08	0	43	0	0	0	0	0	18	0	0	0	0	0	0	0	0	263	0
TCGA-CD-8533-01A-11D-2340-08	0	75	0	0	0	0	0	0	0	0	0	0	0	0	0	0	82	0
TCGA-CD-8534-01A-11D-2340-08	0	31	0	0	0	0	0	0	0	0	0	0	0	0	0	0	33	10
TCGA-CD-8535-01A-11D-2340-08	0	37	0	0	0	0	0	0	0	0	0	0	0	46	55	0	179	21
TCGA-CD-8536-01A-11D-2340-08	0	386	0	0	0	0	155	108	0	0	0	0	0	0	0	0	329	0
TCGA-CD-A486-01A-11D-A24D-08	0	45	0	0	0	38	0	0	0	0	0	0	0	0	0	0	29	0
TCGA-CD-A487-01A-21D-A24D-08	0	29	0	0	0	0	0	0	0	0	0	0	0	12	44	0	107	16
TCGA-CD-A48A-01A-12D-A24D-08	0	57	0	0	0	0	0	0	0	0	0	0	0	28	49	0	143	14
TCGA-CD-A48C-01A-11D-A24D-08	0	53	0	0	0	0	0	0	0	0	0	0	0	20	47	0	138	11
TCGA-CD-A4MG-01A-11D-A25D-08	0	550	0	0	0	0	617	500	0	0	0	0	0	0	0	0	972	0
TCGA-CD-A4MH-01A-11D-A25D-08	0	30	0	0	0	0	0	0	0	0	0	0	0	0	0	0	70	0
TCGA-CD-A4MI-01A-21D-A25D-08	0	289	0	0	0	0	221	134	0	0	0	0	0	0	0	0	474	0
TCGA-CD-A4MJ-01A-11D-A25D-08	0	239	0	0	0	0	123	77	0	0	0	0	0	0	0	0	292	0
TCGA-CG-4300-01A-01D-1158-08	0	49	0	0	0	0	0	0	0	0	0	0	0	0	13	0	97	0
TCGA-CG-4305-01A-01D-1158-08	0	272	0	0	0	0	222	0	0	0	307	0	0	0	0	0	524	0
TCGA-CG-4306-01A-01D-1158-08	0	602	0	0	0	0	0	0	0	0	0	0	0	0	0	0	606	0
TCGA-CG-4436-01A-01D-1158-08	0	65	0	0	0	76	0	0	0	0	0	0	0	15	46	0	22	0
TCGA-CG-4437-01A-01D-1800-08	0	96	0	0	0	391	0	0	0	0	0	28	0	0	0	0	132	0
TCGA-CG-4438-01A-01D-1158-08	0	30	0	0	0	0	0	0	0	0	0	18	0	0	0	0	115	0
TCGA-CG-4441-01A-01D-1800-08	0	39	0	0	0	0	0	0	0	0	0	0	0	0	18	0	76	0
TCGA-CG-4444-01A-01D-1158-08	0	39	0	0	0	84	0	0	0	0	0	0	0	21	69	0	13	0
TCGA-CG-4462-01A-01D-1158-08	0	42	0	0	0	0	0	0	0	0	0	0	0	0	10	0	45	0
TCGA-CG-4465-01A-01D-1158-08	0	119	0	0	0	0	140	116	0	0	0	0	0	0	0	0	260	0
TCGA-CG-4466-01A-01D-1158-08	0	54	0	0	0	126	0	0	0	0	0	0	0	0	67	0	0	0
TCGA-CG-4469-01A-01D-1158-08	0	70	0	0	0	0	0	0	0	0	0	0	0	25	98	0	191	0
TCGA-CG-4476-01A-01D-1158-08	0	34	0	0	0	78	0	0	0	0	0	0	0	0	0	0	17	10
TCGA-CG-5718-01A-11D-1600-08	0	24	0	0	0	0	0	0	0	0	0	0	0	0	0	0	75	0
TCGA-CG-5719-01A-11D-1600-08	0	32	0	0	0	0	0	0	0	0	0	0	0	0	0	0	43	0
TCGA-CG-5720-01A-11D-1600-08	0	25	0	0	0	0	0	0	0	0	0	0	0	0	0	0	69	0
TCGA-CG-5721-01A-11D-1600-08	0	976	0	2680	0	0	0	0	0	0	0	0	0	0	0	0	1343	0
TCGA-CG-5722-01A-21D-1600-08	0	38	0	0	0	47	0	0	0	0	0	0	0	0	0	0	20	0
TCGA-CG-5723-01A-11D-1600-08	0	481	0	0	0	0	0	405	0	0	0	0	0	0	0	0	1002	0
TCGA-CG-5726-01A-11D-1600-08	0	324	0	0	0	0	0	407	0	0	0	0	0	0	0	0	721	0
TCGA-CG-5727-01A-11D-1600-08	0	70	0	0	0	93	0	0	0	0	0	0	0	0	0	0	38	0
TCGA-CG-5728-01A-11D-1600-08	0	547	0	0	0	0	186	178	0	0	0	0	0	0	0	0	648	0
TCGA-CG-5730-01A-11D-1600-08	0	68	0	0	0	57	0	0	0	0	0	0	0	0	0	0	47	27
TCGA-CG-5733-01A-11D-1600-08	0	347	0	0	0	0	183	111	0	0	0	0	0	0	0	0	560	0
TCGA-CG-5734-01A-11D-1600-08	0	35	0	0	0	0	0	0	0	0	0	0	0	0	0	0	69	0
TCGA-D7-5577-01A-01D-1600-08	0	35	0	0	0	55	0	0	0	0	0	0	0	0	0	0	48	0
TCGA-D7-5578-01A-01D-1600-08	0	84	0	0	0	0	0	0	0	0	0	20	0	11	47	0	120	12
TCGA-D7-6518-01A-11D-1800-08	0	38	0	0	0	51	0	0	0	0	0	0	0	0	0	0	10	0
TCGA-D7-6520-01A-11D-1800-08	0	20	0	0	0	0	0	0	0	0	0	0	0	0	0	0	42	0
TCGA-D7-6521-01A-11D-1800-08	0	33	0	0	0	0	0	0	0	0	0	0	0	0	0	0	43	14
TCGA-D7-6524-01A-11D-1800-08	0	53	0	0	0	49	0	0	0	0	0	0	0	0	0	0	22	0
TCGA-D7-6525-01A-11D-1800-08	0	45	0	0	0	80	0	0	0	0	0	0	0	18	25	0	24	11
TCGA-D7-6526-01A-11D-1800-08	0	38	0	0	0	0	0	0	0	0	0	0	0	23	32	0	149	18
TCGA-D7-6818-01A-11D-1882-08	0	25	0	0	0	0	0	0	0	0	0	0	0	36	64	0	74	0
TCGA-D7-8572-01A-11D-2340-08	0	41	0	0	0	115	0	0	0	0	0	0	0	0	0	0	67	0
TCGA-D7-8573-01A-11D-2340-08	0	35	0	0	0	0	0	0	0	0	0	0	0	0	0	0	71	0
TCGA-D7-8576-01A-11D-2340-08	0	27	0	0	0	0	0	0	0	0	0	0	0	0	0	0	45	0
TCGA-D7-8579-01A-11D-2340-08	0	41	0	0	0	0	0	0	0	0	0	0	0	16	33	0	53	0
TCGA-D7-A4YT-01A-11D-A25D-08	0	49	0	0	0	276	0	0	0	0	0	17	0	0	0	0	13	0
TCGA-D7-A4YU-01A-21D-A25D-08	0	77	0	0	0	113	0	0	0	0	0	0	0	13	35	0	47	0
TCGA-D7-A4YV-01A-11D-A25D-08	0	417	0	0	0	0	0	162	0	0	0	0	0	0	0	0	434	0
TCGA-D7-A4YY-01A-11D-A25D-08	0	141	0	0	0	0	74	78	0	0	0	0	0	14	38	0	212	0
TCGA-D7-A4Z0-01A-22D-A25D-08	0	38	0	0	0	0	0	0	0	0	0	0	0	92	186	0	49	0
TCGA-D7-A6EV-01A-11D-A31L-08	0	65	0	0	0	0	0	0	0	0	0	0	0	0	15	0	122	0
TCGA-D7-A6EY-01A-21D-A31L-08	0	368	0	0	0	0	140	224	0	0	0	0	0	0	0	0	590	0
TCGA-D7-A6EZ-01A-11D-A31L-08	0	37	0	0	0	142	0	0	0	0	0	30	0	0	0	0	82	0
TCGA-D7-A747-01A-22D-A33T-08	0	18	0	0	0	0	0	0	0	0	0	0	0	0	39	0	60	0
TCGA-D7-A74A-01A-11D-A32N-08	0	50	0	0	0	0	0	0	0	0	0	59	0	0	0	0	63	24
TCGA-EQ-8122-01A-11D-2340-08	0	45	0	0	0	74	0	0	0	0	34	0	0	0	0	0	57	17
TCGA-F1-6177-01A-11D-1800-08	0	718	0	0	0	0	208	0	0	0	0	0	0	0	0	0	487	0
TCGA-F1-6874-01A-11D-1882-08	0	375	0	0	0	0	228	0	0	0	0	0	0	0	0	0	399	0
TCGA-F1-A448-01A-11D-A24D-08	0	255	0	0	0	0	96	84	0	0	0	0	0	0	0	0	157	0
TCGA-F1-A72C-01A-21D-A33T-08	0	24	0	0	0	19	0	0	0	0	0	0	0	0	0	0	13	0
TCGA-FP-7829-01A-11D-2053-08	0	72	0	0	0	163	0	0	0	0	41	0	0	0	0	0	37	0
TCGA-FP-7916-01A-11D-2201-08	0	54	0	0	0	40	0	0	0	0	0	0	0	0	0	0	32	0
TCGA-FP-8099-01A-11D-2340-08	0	64	0	0	0	0	0	0	0	0	0	0	0	0	0	0	110	0
TCGA-FP-A4BE-01A-12D-A24D-08	0	874	0	0	0	0	314	0	0	0	0	0	0	0	0	0	478	0
TCGA-FP-A4BF-01A-12D-A24D-08	0	49	0	0	0	44	0	0	0	0	0	0	0	0	0	0	32	0
TCGA-FP-A9TM-01A-11D-A397-08	0	80	0	0	0	80	0	0	0	0	0	0	0	0	0	0	50	0
TCGA-HF-7132-01A-11D-2053-08	0	507	0	0	0	0	206	249	0	0	0	0	0	0	0	0	433	0
TCGA-HF-7134-01A-11D-2053-08	0	97	0	0	0	146	0	0	0	0	0	0	0	23	57	0	28	0
TCGA-HF-A5NB-01A-11D-A31L-08	0	487	0	0	0	0	0	257	0	0	0	0	0	0	0	0	632	0
TCGA-HJ-7597-01A-21D-2201-08	0	461	0	0	0	0	0	0	0	0	0	0	0	0	0	0	426	0
TCGA-HU-8238-01A-11D-2340-08	0	44	0	0	0	0	0	0	0	0	0	0	0	10	29	0	100	14
TCGA-HU-8243-01A-11D-2340-08	0	62	0	0	0	0	0	0	0	0	0	11	0	0	0	0	87	0
TCGA-HU-8244-01A-11D-2340-08	0	94	0	0	0	51	0	0	0	0	0	0	0	0	0	0	28	0
TCGA-HU-8249-01A-11D-2340-08	0	65	0	0	0	0	0	0	0	0	0	0	0	0	0	0	111	0
TCGA-HU-8602-01A-11D-2394-08	0	844	0	0	0	0	321	0	0	0	0	0	0	0	0	0	437	0
TCGA-HU-8604-01A-11D-2394-08	0	76	0	0	0	0	0	0	0	0	0	0	0	0	24	0	155	0
TCGA-HU-A4G3-01A-11D-A24D-08	0	49	0	0	0	0	0	0	0	0	0	0	0	0	0	0	80	0
TCGA-HU-A4G8-01A-11D-A25D-08	0	631	0	0	0	0	0	177	0	0	0	0	0	0	0	0	841	0
TCGA-HU-A4G9-01A-11D-A24D-08	0	384	0	0	0	0	112	0	0	0	0	0	0	0	0	0	263	0
TCGA-HU-A4GC-01A-12D-A25D-08	0	77	0	0	0	0	0	0	0	0	0	0	0	10	0	0	76	0
TCGA-HU-A4GF-01A-11D-A24D-08	0	43	0	0	0	0	0	0	0	0	0	0	0	0	14	0	106	0
TCGA-HU-A4GH-01A-11D-A24D-08	0	16	0	0	0	0	0	0	0	0	0	0	0	216	504	0	219	0
TCGA-HU-A4GN-01A-11D-A25D-08	0	432	0	0	0	0	224	206	0	0	0	0	0	0	0	0	458	0
TCGA-HU-A4GP-01A-11D-A25D-08	0	69	0	0	0	110	0	15	0	0	0	0	0	0	0	0	70	0
TCGA-HU-A4GQ-01A-11D-A25D-08	0	1052	0	0	0	0	340	0	0	0	0	0	0	0	0	0	669	0
TCGA-HU-A4GT-01A-21D-A25D-08	0	414	0	0	0	0	232	189	0	0	0	0	0	0	0	0	406	0
TCGA-HU-A4GU-01A-11D-A25D-08	0	20	0	0	0	0	0	1205	0	0	0	0	0	0	0	0	521	0
TCGA-HU-A4GX-01A-12D-A25D-08	0	656	0	0	0	0	230	0	0	0	0	0	0	0	0	0	486	0
TCGA-HU-A4GY-01A-21D-A24D-08	0	45	0	0	0	43	0	0	0	0	0	0	0	0	0	0	0	0
TCGA-HU-A4H2-01A-11D-A25D-08	0	68	0	0	0	65	0	0	0	0	0	0	0	0	14	0	73	0
TCGA-HU-A4H3-01A-21D-A25D-08	0	305	0	0	0	0	190	108	0	0	0	0	0	0	0	0	389	0
TCGA-HU-A4H4-01A-21D-A25D-08	0	111	0	160	0	0	86	72	0	0	0	0	0	33	35	0	221	0
TCGA-HU-A4H6-01A-11D-A25D-08	0	69	0	0	0	55	0	0	0	0	0	0	0	0	0	0	27	0
TCGA-HU-A4H8-01A-11D-A25D-08	0	586	0	0	0	0	0	234	0	0	0	0	0	0	0	0	495	0
TCGA-HU-A4HD-01A-11D-A25D-08	0	48	0	0	0	120	0	0	0	0	0	0	0	0	0	0	45	11
TCGA-IN-7808-01A-11D-2201-08	0	45	0	0	0	0	0	0	0	0	0	0	0	10	0	0	72	0
TCGA-IN-8462-01A-11D-2340-08	0	45	0	0	0	75	0	0	0	0	0	0	0	0	0	0	26	0
TCGA-IN-8663-01A-11D-2394-08	0	45	0	0	0	0	0	0	0	0	0	0	0	18	40	0	128	0
TCGA-IN-A6RI-01A-11D-A32N-08	0	25	0	0	0	0	0	0	0	0	0	0	0	14	24	0	67	0
TCGA-IN-A6RL-01A-11D-A32N-08	0	40	0	0	0	253	0	0	0	0	0	0	0	12	24	0	118	0
TCGA-IN-A6RO-01A-12D-A33T-08	0	69	0	0	0	170	0	0	0	0	0	25	0	0	15	0	70	16
TCGA-IN-A6RP-01A-21D-A33T-08	0	73	0	0	0	0	0	0	0	0	0	14	0	0	0	0	94	21
TCGA-IN-A6RR-01A-12D-A32N-08	0	49	0	0	0	0	0	0	0	0	0	0	0	12	20	0	105	13
TCGA-IN-A6RS-01A-12D-A34U-08	0	50	0	0	0	0	0	0	0	0	0	0	0	0	0	0	85	0
TCGA-IN-A7NR-01A-11D-A34U-08	0	23	0	0	0	0	0	0	0	0	0	0	0	0	26	0	58	0
TCGA-IN-A7NT-01A-21D-A34U-08	0	36	0	0	0	33	0	0	0	0	0	0	0	16	14	0	25	0
TCGA-IN-A7NU-01A-22D-A34U-08	0	33	0	0	0	31	0	0	0	0	0	0	0	0	12	0	32	0
TCGA-IN-AB1X-01A-11D-A397-08	0	32	0	0	0	54	0	0	0	0	0	0	0	0	12	0	40	0
TCGA-IP-7968-01A-11D-2201-08	0	66	0	0	0	46	0	0	0	0	0	0	0	0	0	0	24	0
TCGA-KB-A93H-01A-11D-A397-08	0	73	0	0	0	0	0	0	0	0	0	0	0	12	25	0	180	0
TCGA-MX-A5UJ-01A-11D-A31L-08	0	651	0	0	0	0	0	210	0	0	0	0	0	0	0	0	691	0
TCGA-R5-A7O7-01A-11D-A33T-08	0	43	0	0	0	50	0	0	0	0	0	0	0	0	0	0	50	0
TCGA-R5-A7ZE-01B-11D-A34U-08	0	46	0	0	0	0	0	0	0	0	0	0	0	10	22	0	127	0
TCGA-R5-A7ZF-01A-11D-A34U-08	0	33	0	0	0	0	0	0	0	0	0	0	0	0	0	0	51	0
TCGA-R5-A7ZI-01A-11D-A34U-08	0	291	0	0	0	0	124	150	0	0	0	0	0	0	0	0	379	0
TCGA-R5-A7ZR-01A-11D-A34U-08	0	29	0	0	0	0	0	0	0	0	0	0	0	0	0	0	63	0
TCGA-R5-A804-01A-11D-A364-08	0	34	0	0	0	49	0	0	0	0	0	0	0	0	0	0	0	0
TCGA-R5-A805-01A-11D-A364-08	0	29	0	0	0	0	0	0	0	0	0	0	0	20	60	0	49	0
TCGA-RD-A7BS-01A-11D-A32N-08	0	24	0	0	0	0	0	0	0	0	0	0	0	0	0	0	39	0
TCGA-RD-A7BT-01A-11D-A33T-08	0	19	0	0	0	0	0	0	0	0	0	0	0	26	104	0	137	0
TCGA-RD-A7C1-01A-11D-A32N-08	0	122	0	0	0	0	0	0	0	0	0	0	0	15	27	0	172	0
TCGA-RD-A8N5-01A-12D-A364-08	0	14	0	0	0	0	0	0	0	0	0	0	0	0	0	0	24	0
TCGA-RD-A8N6-01A-11D-A364-08	0	63	0	0	0	0	0	0	0	0	0	11	0	0	0	0	112	0
TCGA-RD-A8N9-01A-12D-A397-08	0	57	0	0	0	47	0	0	0	0	0	0	0	0	0	0	47	0
TCGA-RD-A8NB-01A-12D-A397-08	0	150	0	0	0	0	124	0	0	0	208	0	0	0	0	0	255	0
TCGA-SW-A7EA-01A-12D-A34U-08	0	103	0	0	0	0	81	0	0	0	186	0	0	0	0	0	324	0
TCGA-VQ-A8DT-01A-11D-A364-08	0	54	0	0	0	0	0	0	0	0	0	0	0	12	32	0	130	0
TCGA-VQ-A8DU-01A-11D-A364-08	0	45	0	0	0	47	0	0	0	0	0	0	0	15	38	0	30	0
TCGA-VQ-A8E2-01A-11D-A364-08	0	36	0	0	0	0	0	0	0	0	0	0	0	0	16	0	91	0
TCGA-VQ-A8E3-01A-11D-A397-08	0	282	0	0	0	0	154	0	0	0	0	0	0	0	0	0	247	0
TCGA-VQ-A8E7-01B-11D-A410-08	0	68	0	0	0	63	0	0	0	0	0	0	0	0	0	0	11	0
TCGA-VQ-A8P2-01A-11D-A364-08	0	614	0	0	0	0	0	0	0	0	4187	0	1769	0	0	0	2457	0
TCGA-VQ-A8P3-01A-11D-A364-08	0	39	0	0	0	0	0	0	0	0	0	0	0	84	169	0	67	0
TCGA-VQ-A8P5-01A-11D-A397-08	0	56	0	0	0	71	0	41	0	0	0	10	0	0	47	0	10	20
TCGA-VQ-A8P8-01A-11D-A397-08	0	70	0	0	0	65	0	0	0	0	0	0	0	0	0	0	0	0
TCGA-VQ-A8PB-01A-11D-A397-08	0	408	0	0	0	0	110	0	0	0	0	0	0	0	0	0	380	0
TCGA-VQ-A8PC-01A-11D-A397-08	0	22	0	0	0	0	0	0	0	0	0	0	0	12	31	0	96	0
TCGA-VQ-A8PD-01A-11D-A410-08	0	55	0	0	0	38	0	0	0	0	0	0	0	0	0	0	0	0
TCGA-VQ-A8PE-01A-11D-A410-08	0	51	0	0	0	86	0	0	0	0	0	0	0	0	0	0	0	0
TCGA-VQ-A8PF-01A-11D-A410-08	0	39	0	0	0	0	0	0	0	0	0	0	0	0	15	0	72	0
TCGA-VQ-A8PJ-01A-11D-A410-08	0	19	0	0	0	0	0	0	0	0	0	0	0	21	39	0	92	0
TCGA-VQ-A8PO-01A-11D-A410-08	0	227	0	0	0	0	199	0	0	0	0	0	0	0	0	0	308	0
TCGA-VQ-A8PP-01A-21D-A410-08	0	375	0	0	0	0	196	239	0	0	0	0	0	0	0	0	534	0
TCGA-VQ-A8PT-01A-11D-A410-08	0	353	0	0	0	0	212	321	0	0	0	0	0	0	0	0	566	0
TCGA-VQ-A8PX-01A-12D-A410-08	0	94	0	0	0	0	0	134	0	0	0	0	0	0	0	0	315	0
TCGA-VQ-A8PZ-01A-11D-A410-08	0	60	0	0	0	25	0	0	0	0	0	0	0	0	0	0	22	0
TCGA-VQ-A91A-01A-11D-A410-08	0	55	0	0	0	103	0	0	0	0	0	0	0	0	0	0	0	0
TCGA-VQ-A91D-01A-11D-A410-08	0	906	0	0	0	0	0	514	0	0	0	0	0	0	0	0	1229	0
TCGA-VQ-A91E-01A-31D-A410-08	0	253	0	0	0	0	112	0	0	0	0	0	0	0	0	0	340	0
TCGA-VQ-A91K-01A-11D-A410-08	0	605	0	0	0	0	184	0	0	0	0	0	0	0	0	0	694	0
TCGA-VQ-A91N-01A-11D-A410-08	0	44	0	0	0	0	0	0	0	0	0	0	0	0	0	0	87	0
TCGA-VQ-A91S-01A-11D-A410-08	0	21	0	0	0	106	0	0	0	0	0	31	0	13	69	0	44	28
TCGA-VQ-A91U-01A-11D-A410-08	0	76	0	0	0	101	0	0	0	0	0	0	0	0	0	0	13	0
TCGA-VQ-A91V-01A-11D-A410-08	0	32	0	0	0	0	0	0	0	0	0	0	0	26	140	0	101	0
TCGA-VQ-A91X-01A-12D-A410-08	0	27	0	0	0	0	0	23	0	0	0	0	0	28	55	0	123	0
TCGA-VQ-A91Y-01A-11D-A410-08	0	22	0	0	0	0	0	0	0	0	0	0	0	0	0	0	34	0
TCGA-VQ-A91Z-01A-11D-A410-08	0	45	0	0	0	65	0	0	0	0	0	0	0	0	0	0	44	0
TCGA-VQ-A922-01A-11D-A410-08	0	22	0	0	0	0	0	0	0	0	0	0	0	0	26	0	136	13
TCGA-VQ-A923-01A-11D-A410-08	0	43	0	0	0	0	0	0	0	0	0	0	0	0	0	0	80	0
TCGA-VQ-A924-01A-11D-A410-08	0	433	0	0	0	0	379	0	0	0	0	0	0	0	0	0	525	0
TCGA-VQ-A925-01A-11D-A410-08	0	15	0	0	0	44	0	0	0	0	0	0	0	0	16	0	52	16
TCGA-VQ-A92D-01A-11D-A410-08	0	35	0	0	0	75	0	0	0	0	0	0	0	0	0	0	47	0
TCGA-VQ-A94P-01A-13D-A410-08	0	16	0	0	0	0	0	0	0	0	0	0	0	18	39	0	28	0
TCGA-VQ-A94R-01A-11D-A410-08	0	63	0	0	0	0	0	0	0	0	0	0	0	0	34	0	231	34
TCGA-VQ-A94U-01A-12D-A410-08	0	67	0	0	0	76	0	0	0	0	0	0	0	0	13	0	32	0
TCGA-VQ-AA64-01A-11D-A410-08	0	28	0	0	0	195	0	0	0	0	0	46	0	0	10	0	15	10
TCGA-VQ-AA68-01A-11D-A410-08	0	42	0	0	0	0	0	0	0	0	0	0	0	34	39	0	93	0
TCGA-VQ-AA69-01A-11D-A410-08	0	39	0	0	0	38	0	0	0	0	0	0	0	0	0	0	0	0
TCGA-VQ-AA6A-01A-11D-A410-08	0	32	0	0	0	0	0	0	0	0	0	0	0	0	16	0	73	0
TCGA-VQ-AA6B-01A-11D-A410-08	0	36	0	0	0	48	0	0	0	0	0	0	0	0	0	0	16	0
TCGA-VQ-AA6G-01A-11D-A410-08	0	63	0	0	0	46	0	0	0	0	0	0	0	0	14	0	42	0
TCGA-VQ-AA6J-01A-11D-A410-08	0	47	0	0	0	81	0	0	0	0	0	0	0	12	38	0	0	0
GC8_T	0	179	0	0	0	0	0	0	0	0	0	0	0	0	0	0	1332	0
GC7_T	0	32	0	0	0	0	0	0	0	0	0	12	0	0	0	0	89	27
pfg011T	0	31	0	0	0	0	0	0	0	0	0	0	0	0	24	0	54	0
pfg014T	0	50	0	0	0	0	0	0	0	0	0	0	0	11	0	0	107	0
pfg015T	0	38	0	0	0	0	0	0	0	0	0	0	0	0	0	0	54	0
pfg016T	0	359	0	0	0	0	0	0	0	0	0	0	0	0	0	350	243	0
pfg017T	0	68	0	0	0	0	0	0	0	0	0	0	0	0	0	0	78	0
pfg019T	0	258	0	0	0	0	0	0	0	0	0	0	0	0	0	0	295	0
pfg029T	0	63	0	0	0	229	0	0	0	0	0	0	0	0	0	0	0	0
31231321	0	21	0	0	0	0	0	0	0	0	0	0	0	0	12	0	45	0
GC_296T1-GC_296N	0	64	0	0	0	0	0	0	0	0	0	0	0	0	0	0	117	0
GC_299T1-GC_299N	0	49	0	0	0	0	0	0	0	0	0	0	0	11	0	0	144	0
GC_307T-GC_307N	0	48	0	0	0	0	0	0	0	0	0	0	0	0	0	0	93	0
GC_313T-GC_313N	0	48	0	0	0	0	0	0	0	0	0	0	0	16	48	0	239	0
GC_315T-GC_315N	0	21	0	0	0	0	0	0	0	0	0	0	0	49	101	0	200	0
GC_319T-GC_319N	0	48	0	0	0	0	0	0	0	0	0	0	0	0	0	0	64	0
GC_337T-GC_337N	0	32	0	0	0	0	0	0	0	0	0	0	0	0	0	0	44	0
GC_353T-GC_353N	0	24	0	0	0	0	0	0	0	0	0	0	0	20	115	0	195	0
GC_356T-GC_356N	0	62	0	0	0	0	0	0	0	0	0	0	0	0	0	0	150	0
GC_357T-GC_357N	0	35	0	0	135	0	0	0	0	0	0	0	0	0	0	0	129	0
76629543	0	33	0	0	0	0	0	0	0	0	0	0	0	0	11	0	77	0
990515	0	17	0	0	0	0	0	0	0	0	0	0	0	0	25	0	55	0
TWH	0	14	0	0	0	0	0	0	0	0	0	0	0	0	0	0	11	0
D-01	0	22	0	0	0	0	0	0	0	0	0	0	0	0	0	0	19	0
D-05	0	18	0	0	0	0	0	0	0	0	0	0	0	0	0	0	18	0
D-07	0	22	23	0	0	0	0	0	0	0	0	0	0	0	0	0	28	0
I-02	0	24	0	0	0	0	0	0	0	0	0	0	0	16	19	0	44	0
TCGA-BR-4184-01A-01D-1126-08	0	0	0	0	0	0	0	4078	0	0	0	0	0	0	0	0	138	0
TCGA-VQ-AA6D-01A-11D-A410-08	0	0	0	0	0	0	0	490	0	0	0	0	0	0	0	0	428	0
TCGA-BR-8589-01A-11D-2394-08	0	0	0	0	0	0	0	0	0	0	0	0	0	307	552	0	528	0
TCGA-VQ-A8PK-01A-12D-A410-08	0	0	0	0	0	0	0	0	0	0	0	0	0	0	30	0	56	0
