Sample	SBS1	SBS34	SBS3	SBS21	SBS18	SBS26	SBS40	SBS9	SBS37	SBS30	SBS13	SBS17a	SBS17b	SBS8	SBS41	SBS44	SBS5	SBS39	SBS2
SP117956	226	0	0	0	0	0	0	0	0	0	0	0	0	0	0	0	1703	0	0
SP117975	458	0	0	0	0	0	0	0	0	0	87	0	0	0	0	0	1824	0	131
SP2149	480	0	7560	0	751	0	0	0	0	0	297	0	0	0	0	0	1770	0	162
SP117113	369	0	0	0	493	0	0	0	0	0	0	0	0	0	0	0	1159	0	95
SP117245	376	0	0	0	0	0	0	0	0	0	166	0	0	0	0	0	1698	0	298
SP117402	326	0	0	0	0	0	0	0	0	0	958	0	0	0	0	0	1889	0	794
SP117136	247	0	0	0	199	0	0	0	0	0	0	0	0	0	0	0	1047	0	0
SP117378	201	0	0	0	0	0	0	0	0	0	18	0	0	0	0	0	1582	0	42
SP116947	376	0	0	0	0	0	0	0	0	0	99	0	0	0	0	0	2112	0	120
SP117369	178	0	0	0	0	0	0	0	0	0	24095	0	0	0	0	0	759	0	30622
SP117244	176	0	0	0	0	0	0	0	0	0	517	0	0	0	0	0	971	0	636
SP117162	518	0	965	0	258	0	0	0	0	0	80	0	0	0	0	0	1035	0	142
SP117079	199	0	0	0	0	0	0	0	0	0	701	0	0	0	0	0	1144	0	1125
SP117344	312	0	3015	0	0	0	0	0	0	0	58	0	0	0	334	0	802	0	134
SP118074	963	0	0	0	1250	0	0	0	0	0	374	0	0	0	710	0	3358	0	224
SP117598	197	0	0	0	0	0	0	0	0	0	0	0	0	0	0	0	1764	0	0
SP117312	357	0	0	0	0	0	0	0	0	0	412	0	0	0	0	0	1274	0	197
SP118038	240	0	0	0	0	0	0	0	0	0	2977	0	0	0	0	0	3347	0	2678
SP117552	233	0	0	0	201	0	0	0	0	0	14	0	0	0	0	0	760	0	47
SP118073	378	0	0	0	327	0	0	0	0	0	0	0	0	0	0	0	1187	0	0
SP117933	167	0	0	0	0	0	0	0	0	0	0	0	0	0	0	0	1036	0	0
SP118012	261	0	0	0	207	0	0	0	0	0	13	0	0	0	0	0	1120	0	111
SP117108	323	0	0	0	581	0	0	0	0	0	0	0	0	0	0	0	1038	0	0
SP117812	262	0	0	0	223	0	0	0	0	0	0	0	0	0	0	0	1188	0	0
SP117354	400	0	0	0	723	0	0	0	0	0	88	0	0	0	0	0	1958	0	120
SP117370	329	0	0	0	313	0	0	0	0	0	29	0	0	0	0	0	999	0	115
SP116991	342	0	0	0	328	0	0	0	0	0	84	0	0	0	0	0	1499	0	293
SP117629	284	0	3613	0	0	0	0	0	0	0	430	0	0	0	0	0	1196	0	268
SP124199	464	0	0	0	0	0	0	0	0	0	19	0	0	0	0	0	2009	0	358
SP124195	461	0	0	0	241	0	0	0	0	0	46	0	0	0	0	0	1196	0	111
SP117850	329	0	0	0	0	0	0	0	0	0	214	0	0	0	0	0	1192	0	327
SP117127	260	0	0	0	326	0	0	0	0	0	0	0	0	0	0	0	914	0	0
SP117614	398	0	3551	0	0	0	0	0	0	0	158	0	0	0	0	0	1232	0	110
SP116948	368	0	0	0	378	0	0	0	0	0	56	0	0	0	0	0	2092	0	213
SP117409	284	0	4056	0	793	0	0	0	0	0	338	0	0	0	0	0	1836	0	292
SP117593	362	0	0	0	0	0	0	0	0	0	0	0	0	0	0	0	1413	0	0
SP117372	264	0	0	0	0	0	0	0	0	0	6148	0	0	0	0	0	1435	0	4869
SP118077	402	0	0	0	0	0	0	0	0	0	70	0	0	0	227	0	1560	0	146
SP117840	273	0	0	0	0	0	0	0	0	0	92	0	0	0	0	0	1573	0	90
SP117363	316	0	0	0	1287	0	0	0	0	0	92	0	0	0	0	0	2492	0	176
SP117887	428	0	5688	0	0	0	0	0	0	0	195	0	0	0	0	0	998	0	307
SP116946	394	0	0	0	449	0	0	0	0	0	48	0	0	0	0	0	1967	0	93
SP117901	234	0	0	0	0	0	0	0	0	0	1264	0	0	0	0	0	4177	0	1001
SP117454	383	0	497	0	0	0	0	0	0	0	49	0	0	0	0	0	753	0	60
SP124197	278	0	8871	0	0	0	0	0	0	0	7286	0	0	0	0	0	350	0	6452
SP117919	367	0	5710	0	0	0	0	0	0	0	723	0	0	0	0	0	1655	0	548
SP117250	245	0	0	0	0	0	0	0	0	0	3036	0	0	0	0	0	1514	0	3681
SP117983	284	0	0	0	540	0	0	0	0	0	509	0	0	0	0	0	1729	0	485
SP117676	213	0	0	0	0	0	0	0	0	0	36	0	0	0	0	0	1418	0	196
SP117011	239	0	0	0	0	0	0	0	0	0	12879	0	0	0	0	0	1432	0	21565
SP117057	212	0	0	0	449	0	0	0	0	0	291	0	0	0	0	0	1486	0	560
SP117126	446	0	0	0	227	0	0	0	0	0	52	0	0	0	0	0	1493	0	92
SP117728	278	0	0	0	269	0	0	0	0	0	16	0	0	0	0	0	1373	0	57
SP117618	213	0	0	0	175	0	0	0	0	0	0	0	0	0	0	0	947	0	0
SP117257	230	0	0	0	0	0	0	0	0	0	71	0	0	0	0	0	954	0	229
SP116963	317	0	0	0	164	0	0	0	0	0	23	0	0	0	0	0	1049	0	68
SP117078	414	0	0	0	1088	0	0	0	0	0	260	0	0	0	0	0	3683	0	458
SP117944	179	0	0	0	1094	0	0	0	0	0	1340	0	0	0	0	0	4815	0	750
SP117639	728	0	0	0	0	0	0	0	0	0	260	0	0	0	0	0	3508	0	1234
SP117834	416	0	0	0	830	0	0	0	0	0	193	0	0	0	0	0	3671	0	124
SP117105	523	0	0	0	387	0	0	0	0	0	325	0	0	0	0	0	2093	0	322
SP117785	318	0	0	0	0	0	0	0	0	0	1080	0	0	0	0	0	2687	0	354
SP117882	262	0	0	0	289	0	0	0	0	0	244	0	0	0	0	0	1007	0	244
SP117778	320	0	0	0	262	0	0	0	0	0	29	0	0	0	0	0	2158	0	76
SP117032	299	0	0	0	0	0	0	0	0	0	89	0	0	0	0	0	1877	0	38
SP117710	262	0	0	0	0	0	0	0	0	0	57	0	0	0	0	0	1830	0	494
SP117538	342	0	6859	0	0	0	0	0	0	0	674	0	0	0	0	0	1390	0	539
SP124207	340	0	2690	0	1361	0	0	0	0	0	153	0	0	0	744	0	3052	0	306
SP117800	500	0	0	0	658	0	0	0	0	0	308	0	0	0	0	0	2418	0	283
SP117724	508	0	0	0	0	0	0	0	0	0	180	0	0	0	0	0	2074	0	105
SP124193	266	0	0	0	0	0	0	0	0	0	218	0	0	0	0	0	1374	0	770
SP2293	517	0	0	0	0	0	0	0	0	0	31726	0	0	0	0	0	414	0	32408
SP2357	375	0	7221	0	0	0	0	0	0	0	205	0	0	0	0	0	1789	0	771
SP2144	260	0	3992	0	0	0	0	0	0	0	685	0	0	0	0	0	840	0	338
SP2145	238	0	0	0	0	0	4190	0	0	0	381	0	0	0	0	0	764	0	336
SP2147	373	0	6709	0	1279	0	0	0	0	0	531	0	0	0	0	0	2634	0	474
SP2146	260	0	3303	0	0	0	0	0	0	0	465	0	0	0	0	0	759	0	335
SP2148	242	0	2954	0	0	0	0	0	0	0	1646	0	0	0	0	0	784	0	1162
SP2150	436	0	0	0	0	0	0	0	0	0	105	0	0	0	0	0	2642	0	144
SP2152	323	0	0	0	541	0	0	0	0	0	106	0	0	0	0	0	936	0	126
SP2349	604	0	0	0	1002	0	0	0	0	0	637	0	0	0	0	0	2924	0	771
SP2155	234	0	6125	0	0	0	0	0	0	0	828	0	0	0	0	0	1251	0	536
SP2154	446	0	6870	0	0	0	0	1046	0	0	310	0	0	0	0	0	1362	0	294
SP2158	694	0	0	0	0	0	0	0	0	0	377	0	0	0	0	0	3957	0	718
SP2156	354	0	1556	0	0	0	0	0	0	0	553	0	0	0	0	0	2062	0	391
SP2159	322	0	0	0	0	0	0	0	0	0	2592	0	0	0	0	0	1603	0	2657
SP2153	1004	0	4457	0	0	0	0	0	0	0	1457	0	0	0	0	0	3357	0	886
SP2160	193	0	0	0	323	0	0	0	0	0	130	0	0	0	0	0	1702	0	145
SP2151	146	0	0	0	0	0	0	0	0	0	427	0	0	0	0	0	1280	0	255
SP116341	271	0	5792	0	0	0	0	0	0	0	1230	0	0	0	0	0	1955	0	599
SP116331	425	0	0	0	1438	0	0	0	0	0	134	0	0	0	577	0	2514	0	102
SP116351	441	0	0	0	723	0	0	0	0	0	79	0	0	0	0	0	1891	0	132
SP116371	246	0	1641	0	415	0	0	0	0	0	368	0	0	0	0	0	1428	0	482
SP116361	135	0	0	0	0	0	0	0	0	0	4643	0	0	0	0	0	3247	0	2519
SP116343	700	0	2354	0	662	0	0	0	0	0	324	0	0	0	0	0	2326	0	281
SP116333	373	0	2101	0	0	0	0	0	0	0	264	0	0	0	0	0	1716	0	169
SP116373	413	0	7162	0	0	0	0	0	0	0	521	0	0	0	0	0	765	0	176
SP116363	286	0	4245	0	467	0	0	0	0	0	332	0	0	0	0	0	922	0	190
SP116353	976	0	2477	0	1596	0	0	0	0	0	275	0	0	0	0	0	4197	0	425
SP116345	361	0	0	0	421	0	0	0	0	0	45	0	0	0	329	0	1635	0	108
SP116365	288	0	3668	0	0	0	0	0	0	0	1024	0	0	0	0	0	983	0	416
SP116375	1107	0	0	0	1692	0	0	0	0	0	0	0	0	0	0	0	5072	0	0
SP116335	365	0	2674	0	719	0	0	0	0	0	0	183	370	0	611	0	1808	0	0
SP116355	353	0	6257	0	982	0	0	0	0	0	996	0	0	0	0	0	1086	0	374
SP116347	534	0	0	0	500	0	0	0	0	0	0	0	0	0	0	0	1636	0	0
SP116367	725	0	4656	0	793	0	0	0	0	0	168	0	0	0	560	0	1361	0	171
SP116339	340	0	1085	0	977	0	0	0	0	0	119	0	0	0	0	0	1321	0	88
SP116349	356	0	0	0	277	0	0	0	0	0	27	0	0	0	0	0	2143	0	80
SP116357	283	0	5222	0	0	0	0	0	0	0	578	0	0	0	0	0	1052	0	241
SP116359	395	0	5065	0	0	0	0	0	0	0	1385	0	0	0	0	0	1647	0	735
SP116369	448	0	8082	0	0	0	0	0	0	0	764	0	0	0	0	0	1849	0	416
SP116377	698	0	3217	0	1173	0	0	0	0	0	642	0	0	0	0	0	2716	0	367
SP116379	622	0	0	0	1463	0	0	0	0	0	0	0	0	0	0	0	3012	0	0
SP7692	1126	0	0	0	0	0	0	0	0	0	6675	0	0	0	0	0	5221	0	8956
SP5052	635	0	16327	0	0	0	0	0	0	0	390	0	0	0	0	0	1005	0	446
SP7785	469	0	5908	0	0	0	0	0	0	0	557	0	0	0	0	0	2138	0	401
SP3415	349	0	5084	0	0	0	0	0	0	0	1880	0	0	0	0	0	982	0	614
SP2799	277	0	0	0	400	0	0	0	0	0	10	0	0	0	0	0	1670	0	88
SP9979	287	0	0	0	170	0	0	0	0	0	35	0	0	0	0	0	1172	0	71
SP5393	602	0	1551	0	0	0	0	0	0	0	173	0	0	0	0	0	1704	0	193
SP11292	233	0	3232	0	0	0	0	0	0	0	721	0	0	0	0	0	920	0	335
SP13036	770	0	0	0	0	0	0	8000	0	0	1434	2249	4811	0	0	0	5391	0	3075
SP7421	611	0	7000	0	0	0	0	0	0	0	1229	0	0	0	0	0	3826	0	703
SP4875	239	0	5894	0	827	0	0	608	0	0	0	0	0	0	0	0	638	0	0
SP8795	626	0	1716	0	552	0	0	0	0	0	439	0	0	0	0	0	2366	0	191
SP4820	341	0	5071	0	0	0	0	0	0	0	0	0	0	0	0	0	2154	0	0
SP4593	339	0	0	0	0	0	0	0	0	0	55	0	0	0	0	0	1626	0	166
SP8085	382	0	0	0	1090	0	0	0	0	0	443	0	0	0	0	0	1944	0	333
SP11235	358	0	1085	0	793	0	0	0	0	0	193	0	0	0	0	0	1646	0	178
SP6730	694	0	0	0	700	0	0	0	0	0	115	0	0	0	427	0	2377	0	228
SP10635	298	0	0	0	0	0	0	0	0	0	41	0	0	0	0	0	1617	0	81
SP5381	228	0	0	0	199	0	0	0	0	0	0	0	0	0	0	0	810	0	0
SP10084	554	0	0	0	0	0	0	0	0	0	389	0	0	3777	701	0	3392	0	271
SP9251	363	0	3187	0	0	0	0	0	0	0	330	0	0	0	0	0	1238	0	223
SP3016	470	0	4838	0	0	0	0	0	0	0	673	0	0	0	0	0	2256	0	335
SP11045	186	0	0	0	0	0	0	0	0	0	1235	0	0	0	0	0	1248	0	1303
SP2826	350	0	1338	0	0	0	0	0	0	0	186	0	0	0	0	0	1180	0	146
SP11171	387	0	4613	0	0	0	0	0	0	0	76	0	0	0	0	0	803	0	110
SP5784	394	0	0	0	0	0	0	0	0	0	533	666	1183	0	0	0	6143	0	386
SP8564	698	0	0	0	901	0	0	0	0	0	259	0	0	0	0	0	3212	0	380
SP5844	1171	0	0	0	399	0	0	0	0	0	151	0	0	0	0	0	2652	0	116
SP6519	384	0	0	0	0	0	0	0	0	0	63	0	0	0	0	0	1811	0	62
SP6766	234	0	0	0	0	0	0	0	0	0	0	0	0	0	0	0	1722	0	0
SP5448	568	0	0	0	0	0	0	0	0	0	1380	0	0	0	0	0	3838	0	1032
SP12049	706	0	12505	0	0	0	0	0	0	0	386	0	0	0	1010	0	1417	0	429
SP2714	447	0	7280	0	0	0	0	0	0	0	2273	0	0	0	0	0	1397	0	877
SP2801	413	0	0	0	872	0	0	0	0	0	86	0	0	0	0	0	2615	0	285
SP8891	266	0	0	0	0	0	0	0	0	0	973	0	0	2276	0	0	3368	0	1183
SP9481	402	0	834	0	0	0	0	0	0	0	0	0	0	0	0	0	818	0	0
SP5808	587	0	8321	0	0	0	0	0	0	0	389	0	0	0	0	0	1961	0	536
SP6429	425	0	5436	0	0	0	0	0	830	0	389	0	0	0	0	0	1532	0	173
SP5017	454	0	0	0	507	0	0	0	0	0	75	0	0	0	423	0	2051	0	90
SP8229	546	0	0	0	507	0	0	0	0	0	223	0	0	0	0	0	2154	0	155
SP8157	417	0	1784	0	0	0	0	0	0	0	416	0	0	0	0	0	1069	0	161
SP5279	730	0	0	0	1159	0	0	0	0	0	1014	0	0	0	0	0	4013	0	1477
SP8660	386	0	5888	0	0	0	0	0	0	0	534	0	0	0	0	0	1623	0	259
SP11878	822	0	3559	0	0	0	0	0	0	0	1829	0	0	0	0	0	2789	0	917
SP9433	580	0	0	0	0	0	0	0	0	0	7266	0	0	0	0	0	1938	0	4489
SP2881	457	0	4787	0	1201	0	0	0	0	0	206	0	0	0	0	0	2387	0	274
SP7378	307	0	0	0	1017	0	0	0	0	0	192	0	0	0	0	0	1449	0	157
SP9816	327	0	4696	0	0	0	0	0	0	0	632	0	0	0	0	0	1407	0	326
SP4265	388	0	2633	0	465	0	0	0	0	0	219	0	0	0	0	0	587	0	147
SP2793	359	0	8988	0	1826	0	0	0	0	0	560	0	0	0	0	0	2793	0	243
SP6825	1237	0	0	0	2007	0	0	0	0	0	2634	0	0	0	0	0	6271	0	2875
SP4523	354	0	1247	0	507	0	0	0	0	0	193	0	0	0	0	0	1413	0	176
SP9930	270	0	6289	0	0	0	0	0	0	0	5029	0	0	0	0	0	990	0	3226
SP5820	813	0	0	0	578	0	0	0	0	0	294	0	0	0	0	0	2496	0	339
SP10470	383	0	8280	0	0	0	0	0	0	0	702	0	0	0	0	0	1507	0	247
SP9648	482	0	7153	0	908	0	0	0	0	0	0	0	0	0	0	0	3287	0	0
SP4535	463	0	0	0	0	0	0	0	0	0	0	0	0	0	0	0	1578	0	0
SP11808	695	0	1126	0	473	0	0	0	0	0	101	0	0	0	0	0	1075	0	176
SP96163	351	0	5343	0	0	0	0	0	0	0	1675	0	0	0	0	0	1864	0	844
SP11948	446	0	6196	0	0	0	0	0	0	0	510	0	0	0	0	0	963	0	331
SP4557	320	0	0	0	1683	0	0	0	0	0	208	0	0	0	0	0	2127	0	233
SP96147	435	0	743	0	466	0	0	0	0	0	57	0	0	0	0	0	1639	0	105
SP10150	604	0	0	0	0	0	0	0	0	0	2786	0	0	0	0	0	2284	0	2170
SP4472	250	0	3385	0	727	0	0	0	0	0	572	0	0	0	0	0	1620	0	303
SP6813	483	0	0	0	0	0	0	0	0	0	3316	0	0	0	0	0	3919	0	4228
SP96511	549	0	9848	0	0	0	0	0	0	0	1488	0	0	0	0	0	2232	0	644
SP5636	375	0	1002	0	565	0	0	0	0	0	100	0	0	0	0	0	1024	0	109
SP5559	433	0	0	0	0	0	0	0	0	0	7959	0	0	0	0	0	7786	0	5342
SP3631	424	0	0	0	0	0	0	0	0	0	17170	0	0	0	0	0	1629	0	12411
SP5473	549	0	2050	0	0	0	0	0	0	0	624	0	0	0	0	0	2704	0	316
SP8394	657	0	0	0	0	0	0	0	0	0	413	0	0	0	0	0	2643	0	739
SP6115	286	0	898	0	0	0	0	0	0	0	139	0	0	0	0	0	932	0	87
SP7291	339	0	0	0	677	0	0	0	0	0	46	0	0	0	0	0	1655	0	83
SP2997	346	0	0	0	0	0	0	0	0	0	155	120	317	0	0	0	2629	0	87
SP8831	470	0	11494	0	0	0	0	1839	0	0	1684	0	0	0	0	0	1688	0	934
SP2731	256	0	0	0	415	0	0	0	0	0	301	0	0	0	0	0	1390	0	429
SP6223	451	0	5774	0	0	0	0	0	0	0	475	0	0	0	0	0	1291	0	360
SP7171	338	0	0	0	0	0	0	0	0	0	183	0	0	0	0	0	2855	0	470
SP10563	583	0	0	0	0	0	0	0	0	0	484	0	0	0	0	0	2562	0	1375
SP8987	479	0	7176	0	0	0	0	0	0	0	1128	0	0	0	0	0	1439	0	676
SP5980	435	0	7271	0	0	0	0	0	0	0	811	0	0	0	0	0	1436	0	333
SP12186	709	0	0	0	0	0	0	0	0	0	3141	0	0	0	0	0	2871	0	2872
SP10944	1029	0	0	0	0	0	0	0	0	0	2877	0	0	0	0	0	6372	0	3331
SP2766	327	0	4767	0	624	0	0	0	0	0	311	0	0	0	0	0	1655	0	125
SP6673	244	0	0	0	0	0	0	0	0	0	4739	0	0	0	0	0	14367	0	3672
SP117698	277	0	0	0	0	0	0	0	0	0	0	0	0	0	0	0	1837	0	0
SP124201	187	0	0	0	0	0	0	0	0	0	0	0	0	0	0	0	1581	0	0
SP2143	267	0	0	0	0	0	1395	0	0	0	0	0	0	0	0	0	471	0	0
SP124191	257	0	639	0	0	0	0	0	0	0	19	0	0	0	0	0	1112	0	87
SP117247	394	0	0	0	284	0	0	0	0	0	105	0	0	0	0	0	2035	0	85
SP117362	347	0	0	0	437	0	0	0	0	0	53	0	0	0	0	0	1314	0	289
SP117470	467	0	7558	0	0	0	0	0	0	0	458	0	0	0	0	0	1327	0	450
SP117586	188	0	0	0	214	0	0	0	0	0	40	0	0	0	0	0	904	0	132
SP117709	233	0	0	0	180	0	0	0	0	0	35	0	0	0	0	0	1209	0	146
SP2157	233	0	0	0	0	0	0	0	0	0	193	0	0	0	0	0	1191	0	153
SP3368	395	0	961	0	465	0	0	0	0	0	0	0	0	0	0	0	1182	0	0
SP5666	449	0	0	0	0	0	0	0	0	0	1454	0	0	0	0	0	2155	0	1016
SP2781	669	0	0	0	326	0	0	0	0	0	82	0	0	0	0	0	1867	0	357
SP8532	337	0	0	0	0	0	0	0	0	0	9079	0	0	0	0	0	2036	0	4836
SP12856	509	0	0	0	0	0	0	0	0	0	19049	0	0	0	0	0	1735	0	22636
SP7456	339	0	0	0	714	0	0	0	0	0	28	0	0	0	0	0	1466	0	90
PD10010a	251	78	796	0	190	0	0	0	0	0	139	0	0	0	0	0	851	0	98
PD10011a	378	0	0	0	0	0	0	0	0	0	0	215	313	0	1450	0	3747	2046	0
PD10014a	219	0	0	0	1790	0	0	0	0	0	0	0	0	0	1179	0	5377	3351	0
PD11326a	392	0	6907	0	0	0	0	0	0	0	726	0	0	0	0	0	1098	0	363
PD11327a	111	0	0	0	2298	0	0	0	0	0	320	0	0	0	1333	0	4012	4306	188
PD11336a	661	0	1337	0	880	0	0	0	0	424	115	62	235	0	495	0	831	0	472
PD11337a	335	136	0	0	562	0	0	0	0	0	274	0	0	0	0	0	1514	0	224
PD11338a	356	0	0	0	296	0	0	0	0	142	0	0	0	0	0	0	1492	0	0
PD11339a	509	109	0	0	263	0	0	0	0	175	0	0	0	0	0	0	1451	0	0
PD11340a	461	0	1218	0	794	0	0	0	0	456	211	0	0	0	514	0	1008	0	336
PD11341a	218	87	0	0	182	0	0	0	0	0	103	0	0	0	0	0	864	0	184
PD11342a	334	0	0	0	0	0	0	0	0	0	390	0	0	0	0	0	1902	0	659
PD11343a	388	0	1061	0	320	0	0	0	0	0	87	0	0	0	0	0	919	0	139
PD11344a	220	0	0	0	0	0	0	0	0	0	5564	0	0	0	0	0	792	0	4432
PD11345a	456	0	0	0	0	0	0	0	0	0	2573	0	0	0	0	0	3832	0	3432
PD11346a	241	98	0	0	222	0	0	0	0	0	241	0	0	0	0	0	1139	0	330
PD11347a	245	71	0	0	0	0	0	0	0	0	163	0	0	0	0	0	1245	0	295
PD11348a	835	0	1298	0	887	0	0	0	0	0	103	0	0	0	0	0	1670	0	173
PD11349a	611	0	3048	0	0	0	0	0	0	0	801	0	0	0	0	0	1965	0	942
PD11352a	399	0	729	0	0	0	0	0	0	0	0	0	0	0	0	0	1089	0	347
PD11355a	212	0	0	0	535	0	0	0	0	0	0	0	0	0	0	0	1083	0	0
PD11357a	584	0	0	0	368	0	0	0	0	0	0	0	0	0	0	0	2407	0	0
PD11358a	415	0	0	0	0	0	0	0	0	0	226	0	0	0	0	0	2519	0	1123
PD11359a	395	0	655	0	261	0	0	0	0	0	51	0	0	0	0	0	1146	0	130
PD11360a	484	142	0	0	463	0	0	0	0	0	47	0	0	0	0	0	1867	0	91
PD11361a	336	0	0	0	248	0	0	0	0	0	26	0	0	0	0	0	1020	0	73
PD11364a	348	0	0	0	266	0	0	0	0	0	103	0	0	0	0	0	1539	0	67
PD11365a	520	1035	0	0	0	6375	0	0	0	0	0	0	250	0	0	0	5422	0	0
PD11366a	350	117	0	0	393	0	0	0	0	0	24	0	0	0	0	0	1949	0	138
PD11367a	686	0	5116	0	0	0	0	0	0	0	179	0	0	0	0	0	1818	0	194
PD11368a	668	0	0	0	958	0	0	0	0	0	652	0	0	0	0	0	3123	0	1385
PD11369a	868	0	1377	0	642	0	0	0	0	0	503	0	0	0	0	0	1971	0	727
PD11370a	174	0	331	0	0	0	0	0	0	0	0	0	0	0	0	0	766	0	0
PD11372a	395	0	0	0	0	0	0	0	0	0	6856	0	0	0	0	0	1988	0	4512
PD11374a	329	109	667	0	166	0	0	0	0	218	0	0	0	0	0	0	874	0	0
PD11375a	367	106	0	0	336	0	0	0	0	0	0	0	0	0	0	0	1106	0	0
PD11376a	509	141	0	0	523	0	0	0	0	0	43	0	0	0	0	0	1790	0	136
PD11377a	305	0	0	0	0	0	0	0	0	0	619	0	0	0	0	0	1687	0	1214
PD11379a	309	0	0	0	0	0	0	0	0	0	8753	0	0	0	0	0	3553	0	6604
PD11380a	363	0	0	0	313	0	0	0	0	224	56	0	0	0	234	0	1364	0	153
PD11381a	205	0	0	0	239	0	0	0	0	110	11	0	0	0	0	0	1463	0	55
PD11382a	368	0	912	0	306	0	0	0	0	0	127	0	0	0	0	0	1463	0	237
PD11383a	288	0	0	0	396	0	0	0	0	150	0	0	0	0	314	0	1418	0	0
PD11384a	242	0	0	0	172	0	0	0	0	0	106	0	0	0	0	0	1075	0	126
PD11385a	270	0	694	0	0	0	0	0	0	0	0	0	0	0	0	0	837	0	66
PD11386a	399	0	0	0	261	0	0	0	0	0	218	0	0	0	0	0	2040	0	452
PD11388a	715	177	1595	0	649	0	0	0	0	375	200	0	0	0	0	0	1051	0	193
PD11389a	198	0	0	0	201	0	0	0	0	98	0	0	0	0	0	0	1173	0	0
PD11390a	311	0	0	0	243	0	0	0	0	135	0	0	0	0	0	0	1365	0	0
PD11391a	124	0	286	0	0	0	0	0	0	0	0	0	0	0	0	0	850	0	0
PD11393a	746	0	0	0	1574	0	0	0	0	0	0	0	0	0	0	0	2335	0	0
PD11394a	604	0	0	0	253	0	0	0	0	0	0	0	0	0	0	0	1346	0	0
PD11395a	479	0	1119	0	552	0	0	0	0	0	0	0	154	0	0	0	1323	0	135
PD11396a	326	86	0	0	353	0	0	0	0	0	49	0	0	0	0	0	1531	0	76
PD11397a	614	0	0	0	1123	0	0	0	0	0	307	0	0	0	0	0	2464	0	270
PD11398a	320	109	928	0	193	0	0	0	0	0	0	0	0	0	0	0	781	0	0
PD11399a	575	124	0	0	563	0	0	0	0	0	108	0	0	0	0	0	1872	0	230
PD11402a	393	0	518	0	170	0	0	0	0	0	18	0	0	0	0	0	1402	0	111
PD11462a	476	146	611	0	295	0	0	0	0	0	83	0	0	0	0	0	1098	0	99
PD11464a	304	0	0	0	0	0	0	0	0	0	1585	0	0	0	0	0	1503	0	1069
PD11465a	1139	0	0	0	0	0	0	0	0	0	7214	0	0	0	0	0	9160	0	4886
PD11740a	317	121	0	0	302	0	0	0	0	136	0	0	0	0	0	0	1444	0	0
PD11741a	229	107	0	0	555	0	0	0	0	0	123	0	0	0	0	0	848	0	107
PD11742a	342	0	4303	0	0	0	0	0	0	0	841	0	0	0	0	0	870	0	534
PD11743a	351	0	1198	0	315	0	0	0	0	0	32	0	0	0	274	0	990	0	110
PD11744a	276	0	434	0	160	0	0	0	0	0	0	0	0	0	0	0	1000	0	0
PD11745a	235	153	0	0	682	0	0	0	0	0	198	0	0	0	0	0	1536	0	196
PD11748a	611	0	9038	0	0	0	0	0	0	0	466	0	0	0	0	0	1184	0	277
PD11750a	172	0	0	0	0	0	0	0	0	0	2340	0	0	0	0	0	3387	3646	413
PD11751a	681	0	11354	0	0	0	0	0	0	0	1837	0	0	0	0	0	1687	0	866
PD11753a	556	0	2011	0	484	0	0	0	0	0	43	62	237	0	468	0	2614	0	265
PD11754a	382	0	503	0	269	0	0	0	0	157	55	0	0	0	0	0	969	0	216
PD11755a	165	0	1624	0	0	0	0	0	0	0	154	0	0	0	0	0	735	0	58
PD11756a	295	0	417	0	0	0	0	0	0	0	22	0	0	0	0	0	846	0	183
PD11757a	89	0	1293	0	0	0	0	0	0	0	401	0	0	0	0	0	33	0	114
PD11760a	698	0	0	0	1379	0	0	0	0	0	0	0	0	0	0	0	2002	0	0
PD11761a	185	0	619	0	237	0	0	0	0	0	44	0	0	0	283	0	1111	0	196
PD11762a	201	68	0	0	211	0	0	0	0	0	56	0	0	0	0	0	1053	0	137
PD11765a	198	78	586	0	0	0	0	0	0	0	43	0	0	0	0	0	1012	0	73
PD11766a	163	76	500	0	0	0	0	0	0	0	109	0	0	0	0	0	721	0	114
PD11767a	97	72	0	0	119	0	0	0	0	0	0	0	0	0	0	0	577	0	0
PD11768a	540	233	1561	0	0	0	0	0	0	0	0	0	0	0	0	0	3100	0	0
PD11769a	312	60	347	0	136	0	0	0	0	0	35	0	0	0	0	0	735	0	89
PD11816a	292	0	0	0	0	0	0	0	0	0	693	0	0	615	0	0	1875	0	520
PD11818a	213	0	483	0	145	0	0	0	0	132	0	0	0	0	0	0	623	0	0
PD11819a	239	89	577	0	0	0	0	0	0	0	0	0	0	0	0	0	769	0	0
PD13162a	343	0	0	0	0	0	0	0	0	0	1970	0	0	0	0	0	2314	0	735
PD13163a	442	264	0	0	0	0	0	0	0	0	768	0	0	0	0	0	3187	0	635
PD13164a	313	110	672	0	360	0	0	0	0	0	111	0	0	0	0	0	1000	0	135
PD13165a	443	0	0	0	1651	0	0	0	0	0	702	0	0	0	0	0	2357	0	1120
PD13166a	261	114	0	0	340	0	0	0	0	0	275	0	0	0	0	0	1153	0	175
PD13167a	415	0	773	0	0	0	0	0	0	0	157	0	0	0	0	0	879	0	145
PD13168a	415	0	0	0	381	0	0	0	0	0	162	0	0	0	0	0	1225	0	335
PD13296a	888	0	13642	0	0	0	0	0	0	0	1717	0	0	0	0	0	1396	0	690
PD13297a	331	0	6435	0	0	0	0	0	0	5184	845	0	0	0	0	0	1517	0	499
PD13299a	224	0	0	0	0	0	0	0	0	0	3696	0	0	0	0	0	5357	0	1343
PD13302a	679	246	0	0	695	0	0	0	0	0	56	0	0	0	0	0	2987	0	211
PD13304a	302	74	317	0	146	0	0	0	0	0	0	0	0	0	0	0	674	0	0
PD13306a	267	0	500	0	163	0	0	0	0	0	23	0	0	0	0	0	788	0	273
PD13307a	457	0	0	0	0	0	0	0	0	0	1038	0	0	0	0	0	2262	0	1568
PD13310a	339	97	0	0	167	0	0	0	0	121	0	0	0	0	0	0	1097	0	0
PD13311a	177	0	2959	0	318	0	0	0	0	0	122	0	0	0	420	0	376	0	60
PD13312a	230	0	0	0	208	0	0	0	0	0	0	0	0	0	196	0	1378	0	0
PD13416a	300	99	0	0	235	0	0	0	0	181	0	0	0	0	0	0	1114	0	0
PD13418a	622	0	0	0	0	0	0	0	0	0	1960	0	0	0	0	0	2986	0	1183
PD13419a	156	63	229	0	0	0	0	0	0	0	15	0	0	0	0	0	569	0	56
PD13420a	289	0	566	0	0	0	0	0	0	0	0	0	0	0	0	0	993	0	0
PD13422a	270	0	390	0	320	0	0	0	0	0	12	0	0	0	0	0	723	0	76
PD13424a	641	0	1388	0	485	0	0	0	0	0	141	0	0	0	0	0	1103	0	165
PD13425a	744	0	0	0	0	0	0	0	0	0	16817	0	0	0	0	0	9389	0	7289
PD13426a	408	107	694	0	0	0	0	0	0	0	0	0	0	0	0	0	1339	0	132
PD13427a	171	0	0	0	147	0	0	0	0	0	0	0	0	0	0	0	806	0	0
PD13428a	372	0	710	0	228	0	0	0	0	195	78	0	0	0	0	0	1749	0	74
PD13602a	584	0	2012	0	898	0	0	0	0	328	231	0	0	0	538	0	1126	0	126
PD13603a	341	0	0	0	487	0	0	0	0	0	308	0	0	0	0	0	1656	0	250
PD13604a	864	0	0	0	0	0	0	0	0	0	45413	0	0	0	0	0	6284	0	40206
PD13605a	172	0	408	0	119	0	0	0	0	0	40	0	0	0	0	0	464	0	27
PD13606a	712	253	0	0	1465	0	0	0	0	0	198	0	0	0	0	0	3011	0	208
PD13607a	424	0	0	0	433	0	0	0	0	0	286	0	0	0	0	0	1886	0	239
PD13608a	393	0	0	0	0	0	0	0	0	0	1089	0	0	0	0	0	1876	0	725
PD13609a	230	0	0	0	0	0	0	0	0	0	1881	0	0	0	0	0	1332	0	1224
PD13618a	240	77	0	0	0	0	0	0	0	0	89	0	0	0	0	0	1244	0	179
PD13619a	325	0	522	0	0	0	0	0	0	0	0	0	0	0	0	0	1185	0	66
PD13620a	691	0	0	0	840	0	0	0	0	0	155	0	0	0	564	0	2166	0	148
PD13623a	288	0	0	0	0	0	0	0	0	0	519	0	0	0	0	0	1793	0	1176
PD13625a	1070	0	3385	0	1819	0	0	0	0	0	249	373	1440	0	0	0	2206	0	586
PD13626a	171	62	313	0	0	0	0	0	0	0	0	0	0	0	0	0	516	0	0
PD13627a	343	0	5816	0	0	0	0	0	0	0	510	0	0	0	889	0	644	0	161
PD13629a	275	0	0	0	0	0	0	0	0	0	93	0	0	0	0	0	1361	0	280
PD13630a	392	0	1240	0	0	0	0	0	0	0	733	0	0	0	0	0	1057	0	629
PD13631a	255	0	0	0	492	0	0	0	0	0	114	0	0	0	0	0	1567	0	157
PD13752a	304	92	619	0	385	0	0	0	0	0	24	0	76	0	0	0	1183	0	108
PD13753a	330	0	0	0	0	0	0	0	0	0	3564	0	0	0	0	0	1679	0	2398
PD13754a	323	111	602	0	239	0	0	0	0	0	0	0	0	0	0	0	1220	0	0
PD13755a	281	0	428	0	0	0	0	0	0	0	11	0	0	0	0	0	1146	0	58
PD13756a	276	0	490	0	214	0	0	0	0	0	0	0	0	0	0	0	1095	0	0
PD13757a	168	82	0	0	0	0	0	0	0	0	195	0	0	0	0	0	750	0	284
PD13758a	207	0	655	0	160	0	0	0	0	163	0	0	0	0	0	0	1104	0	0
PD13760a	318	0	2802	0	0	0	0	0	0	0	530	0	0	0	0	0	615	0	264
PD13761a	158	72	0	0	206	0	0	0	0	188	0	0	0	0	0	0	1058	0	0
PD13762a	229	79	0	0	215	0	0	0	0	119	0	0	0	0	0	0	1001	0	0
PD13763a	425	111	944	0	0	0	0	0	0	0	11	0	0	0	0	0	943	0	121
PD13764a	407	237	1777	0	429	0	0	0	0	0	314	0	0	0	0	0	1346	0	260
PD13765a	587	0	910	0	2463	0	0	0	0	314	99	0	0	0	0	0	900	0	170
PD13766a	216	0	0	0	0	0	0	0	0	0	889	0	0	0	0	0	1348	0	1368
PD13767a	302	0	604	0	334	0	0	0	0	196	65	0	0	0	0	0	897	0	217
PD13768a	246	64	0	0	96	0	0	0	0	0	0	0	0	0	0	0	940	0	0
PD13770a	289	80	0	0	483	0	0	0	0	0	41	0	0	0	0	0	1077	0	93
PD13771a	385	0	8501	0	0	0	0	0	0	0	1282	0	0	0	0	0	1872	0	823
PD14432a	215	0	553	0	167	0	0	0	0	173	0	0	0	0	0	0	756	0	0
PD14433a	353	0	0	0	0	0	0	0	0	0	451	0	0	0	0	0	1781	0	975
PD14434a	229	0	3252	0	0	0	0	0	0	0	268	0	0	0	357	0	785	0	176
PD14435a	539	0	0	0	418	0	0	0	0	0	229	0	0	0	0	0	2288	0	202
PD14437a	462	0	0	0	745	0	0	0	0	0	259	0	0	0	678	0	2000	0	161
PD14439a	182	0	0	0	246	0	0	0	0	0	0	0	0	0	0	0	825	0	53
PD14441a	270	0	2437	0	480	0	0	0	0	0	168	0	0	0	0	0	1034	0	147
PD14442a	207	87	0	0	219	0	0	0	0	0	17	0	0	0	0	0	1166	0	40
PD14450a	151	41	0	0	132	0	0	0	0	0	30	0	0	0	0	0	900	0	38
PD14453a	490	0	0	0	0	0	0	0	0	0	2459	0	0	0	0	0	4937	0	1956
PD14454a	300	0	961	0	228	0	0	0	0	0	141	0	0	0	0	0	713	0	141
PD14456a	348	0	0	0	344	0	0	0	0	0	0	0	0	0	0	0	1277	0	0
PD14457a	516	0	0	0	1369	0	0	0	0	438	50	0	0	0	0	0	1952	0	222
PD14458a	249	81	0	0	203	0	0	0	0	131	0	0	0	0	0	0	845	0	0
PD14459a	313	0	0	0	585	0	0	0	0	0	32	0	0	0	0	0	1045	0	99
PD14460a	392	0	0	0	0	0	0	0	0	0	1019	0	0	0	0	0	1565	0	1530
PD14461a	248	0	394	0	83	0	0	0	0	0	0	0	0	0	0	0	699	0	0
PD14462a	280	0	0	0	0	0	0	0	0	0	257	0	0	0	0	0	1763	0	315
PD14465a	489	0	846	0	392	0	0	0	0	0	75	0	0	0	0	0	1153	0	120
PD14467a	302	0	381	0	120	0	0	0	0	0	59	0	0	0	0	0	670	0	84
PD14468a	261	59	0	0	176	0	0	0	0	0	18	0	0	0	0	0	977	0	48
PD14471a	651	0	1451	0	0	0	0	0	0	0	48	0	0	0	0	0	987	0	106
PD14472a	282	0	0	0	264	0	0	0	0	0	122	0	0	0	0	0	1450	0	166
PD14473a	287	67	540	0	0	0	0	0	0	0	24	0	0	0	0	0	556	0	57
PD15680a	209	58	0	0	135	0	0	0	0	161	44	0	0	0	0	0	904	0	72
PD17973a	254	0	0	0	734	0	0	0	0	0	0	0	0	0	0	0	1028	0	0
PD17976a	401	0	0	0	242	0	0	0	0	0	0	0	0	0	0	0	1190	0	0
PD17981a	1107	0	0	0	1570	0	0	0	0	0	385	0	0	0	0	0	2846	0	1026
PD17987a	298	0	522	0	121	0	0	0	0	0	0	0	0	0	0	0	816	0	0
PD17991a	202	61	0	0	105	0	0	0	0	0	0	0	0	0	0	0	804	0	40
PD17994a	215	65	0	0	0	0	0	0	0	0	81	0	0	0	0	0	772	0	169
PD18017a	224	96	0	0	219	0	0	0	0	0	50	0	0	0	0	0	1421	0	76
PD18020a	632	0	11507	0	0	0	0	0	0	0	3450	0	0	0	0	0	836	0	1182
PD18022a	228	68	0	0	175	0	0	0	0	0	113	0	0	0	0	0	907	0	101
PD18024a	397	0	7142	0	1007	0	0	0	0	0	500	0	0	0	770	0	966	0	147
PD18031a	338	115	731	0	259	0	0	0	0	0	188	0	0	0	0	0	972	0	158
PD18037a	1283	0	0	0	914	0	0	0	0	0	125	0	0	0	0	0	3361	0	250
PD18045a	1238	0	0	0	0	0	0	0	0	0	8345	0	0	0	0	0	5404	0	4328
PD18046a	446	105	599	0	245	0	0	0	0	0	69	0	0	0	0	0	1227	0	109
PD18047a	392	83	0	0	294	0	0	0	0	0	74	0	0	0	0	0	1401	0	88
PD18048a	594	0	1660	0	0	0	0	0	0	0	155	0	0	0	0	0	2186	0	123
PD18049a	421	132	0	0	0	0	0	0	0	0	265	0	0	0	0	0	2189	0	367
PD18050a	725	0	1206	0	0	0	0	0	0	0	245	0	0	0	0	0	1007	0	355
PD18100a	206	57	0	0	296	0	0	0	0	0	44	0	0	0	0	0	832	0	90
PD18101a	148	30	229	0	70	0	0	0	0	0	0	0	0	0	0	0	380	0	0
PD18116a	222	62	479	0	0	0	0	0	0	0	45	0	0	0	0	0	648	0	84
PD18149a	262	0	584	0	214	0	0	0	0	0	0	0	0	0	243	0	1237	0	0
PD18188a	322	0	765	0	0	0	0	0	0	0	22	0	0	0	0	0	1006	0	93
PD18189a	350	0	0	0	946	0	0	0	0	0	304	0	0	0	0	0	2237	0	427
PD18247a	303	0	0	0	0	0	0	0	0	0	4865	0	0	0	0	0	815	0	3131
PD18251a	311	0	1388	0	258	0	0	0	0	0	69	0	0	0	374	0	930	0	131
PD18257a	280	0	0	0	567	0	0	0	0	0	389	0	0	0	0	0	1431	0	290
PD18258a	176	45	253	0	147	0	0	0	0	0	0	0	0	0	0	0	513	0	0
PD18259a	557	0	4489	0	0	0	0	0	0	0	396	0	0	0	0	0	552	0	475
PD18264a	352	0	0	0	0	0	0	0	0	0	1917	0	0	0	0	0	1555	0	2844
PD18269a	185	44	347	0	0	0	0	0	0	0	0	0	0	0	0	0	803	0	0
PD18728a	197	57	472	0	0	0	0	0	0	0	11	0	0	0	0	0	856	0	168
PD18730a	176	0	0	0	0	0	0	0	0	0	541	0	0	0	0	0	719	0	461
PD18733a	281	118	657	0	417	0	0	0	0	0	56	0	0	0	0	0	1307	0	163
PD18734a	496	136	847	0	825	0	0	0	0	0	73	0	0	0	0	0	1288	0	139
PD18748a	431	0	0	0	293	0	0	0	0	0	217	0	0	0	0	0	1496	0	509
PD18749a	224	0	0	0	0	0	0	0	0	0	2173	0	0	0	0	0	1128	0	1128
PD18751a	355	0	505	0	247	0	0	0	0	0	21	0	0	0	0	0	683	0	71
PD18754a	300	0	0	0	0	0	0	0	0	0	342	0	0	0	0	0	1340	0	605
PD18756a	315	0	0	0	264	0	0	0	0	121	34	0	0	0	0	0	845	0	46
PD18768a	316	0	564	0	215	0	0	0	0	0	27	0	0	0	0	0	1343	0	73
PD18769a	147	0	0	0	0	0	0	0	0	0	1197	0	0	0	0	0	1065	0	561
PD18771a	249	0	0	0	135	0	0	0	0	84	0	0	0	0	0	0	1298	0	0
PD18775a	220	58	403	0	0	0	0	0	0	0	15	0	0	0	0	0	557	0	65
PD18776a	251	0	0	0	168	0	0	0	0	0	0	0	0	0	0	0	1200	0	0
PD22036a	126	0	0	0	149	0	0	0	0	0	0	0	0	0	0	0	766	0	0
PD22251a	267	67	388	0	0	0	0	0	0	0	15	0	0	0	0	0	717	0	49
PD22355a	679	0	7313	0	0	0	0	0	0	0	301	0	0	0	0	0	1197	0	133
PD22356a	109	29	0	0	0	0	0	0	0	0	0	0	0	0	0	0	750	0	0
PD22357a	457	0	0	0	0	0	0	0	0	0	2417	0	0	0	0	0	2735	0	2072
PD22358a	215	0	4162	0	0	0	0	0	0	0	783	0	0	0	0	0	674	0	220
PD22359a	239	0	422	0	166	0	0	0	0	0	26	0	0	0	0	0	772	0	186
PD22360a	168	0	0	0	0	0	0	0	0	0	605	0	0	2393	693	0	2098	2164	264
PD22361a	432	0	0	0	0	0	0	0	0	0	2052	0	0	0	0	0	1954	0	1422
PD22362a	140	91	0	0	335	0	0	0	0	161	121	0	0	0	0	0	827	0	250
PD22363a	371	0	6792	0	0	0	0	0	0	0	227	0	0	0	0	0	1134	0	196
PD22364a	395	0	0	0	0	0	0	0	0	0	329	0	0	0	0	0	1248	0	418
PD22365a	151	86	754	0	218	0	0	0	0	0	0	0	0	0	0	0	673	0	0
PD22366a	344	0	5682	0	631	0	0	0	0	0	1274	0	0	0	0	0	1097	0	575
PD23550a	329	0	0	0	325	0	0	0	0	234	166	0	0	0	0	0	1442	0	352
PD23552a	333	0	0	0	0	0	0	0	0	0	4050	0	0	0	0	0	5625	0	3135
PD23554a	126	0	0	0	0	0	0	0	0	0	317	0	0	2259	357	0	1837	1793	109
PD23558a	470	322	6799	0	0	0	0	0	0	0	577	0	0	0	0	0	1316	0	461
PD23559a	349	186	2641	0	0	0	0	0	0	0	359	0	0	0	0	0	1550	0	215
PD23560a	273	0	1297	0	0	0	0	0	0	0	317	0	0	0	0	0	833	0	249
PD23561a	1529	0	0	0	0	0	0	0	0	0	27218	0	0	0	0	0	11572	0	17562
PD23562a	392	0	4730	0	0	0	0	0	0	0	570	0	0	0	0	0	1397	0	162
PD23563a	304	224	6471	0	0	0	0	0	0	0	219	0	0	0	0	0	749	0	123
PD23564a	21538	0	0	0	0	0	0	0	0	0	0	0	0	0	0	32948	28575	0	0
PD23565a	749	0	0	0	0	0	0	0	0	0	2553	0	0	0	0	0	3134	0	2356
PD23566a	375	0	5399	0	0	0	0	0	0	0	0	0	0	0	0	0	779	0	0
PD23567a	435	0	5334	0	0	0	0	0	0	0	0	0	0	0	0	0	1338	0	0
PD23568a	370	410	0	0	678	0	0	0	0	0	502	291	1392	0	0	0	2927	0	173
PD23569a	50	0	424	0	88	0	0	0	0	0	28	0	0	0	154	0	271	0	34
PD23570a	200	0	0	0	0	0	0	0	0	0	341	0	0	0	0	0	1148	0	544
PD23574a	456	0	8675	0	0	0	0	0	0	0	2007	0	0	0	0	0	1059	0	738
PD23575a	24	22	0	0	0	0	0	0	0	0	44	0	0	417	0	0	241	290	20
PD23577a	231	0	2403	0	0	0	0	0	0	0	126	0	0	0	0	0	1069	0	71
PD23578a	244	0	5113	0	0	0	0	0	0	0	222	0	0	0	0	0	1007	0	127
PD23579a	4523	0	0	0	0	0	0	0	0	0	0	0	0	0	0	44966	37459	0	0
PD24182a	357	0	5133	0	0	0	0	0	0	0	1750	0	0	0	0	0	1562	0	601
PD24183a	370	112	0	0	629	0	0	0	0	0	101	0	0	0	0	0	2007	0	114
PD24184a	334	0	0	0	0	0	0	0	0	0	429	0	0	0	0	0	1875	0	626
PD24186a	206	0	4590	0	0	0	0	0	0	0	215	0	0	0	576	0	1730	0	55
PD24188a	293	77	0	0	0	0	0	0	0	0	210	0	0	0	0	0	1291	0	179
PD24189a	4244	0	0	0	0	6290	0	0	0	0	0	0	0	0	0	11390	7518	0	0
PD24190a	333	0	3463	0	1118	0	0	0	0	0	435	475	1034	0	0	0	2530	0	272
PD24191a	229	0	3882	0	0	0	0	0	0	0	0	0	0	0	619	0	1290	0	0
PD24192a	449	0	11418	0	0	0	0	0	0	0	1711	0	0	0	0	0	3337	0	603
PD24193a	1216	0	0	0	0	0	0	0	0	0	323	0	0	0	0	4092	5203	0	375
PD24194a	322	0	0	0	0	0	0	0	0	0	5515	0	0	0	0	0	2899	0	4910
PD24195a	204	82	0	0	255	0	0	0	0	0	34	0	0	0	0	0	1588	0	65
PD24196a	178	0	1054	0	368	0	0	0	0	0	184	0	0	0	0	0	659	0	142
PD24197a	231	168	0	0	0	0	0	0	0	0	0	0	0	8212	0	0	6499	4849	0
PD24198a	177	56	424	0	0	0	0	0	0	0	12	0	0	0	0	0	859	0	45
PD24199a	278	0	1153	0	0	0	0	0	0	0	166	0	0	0	273	0	810	0	154
PD24200a	26	0	0	0	0	0	0	0	0	0	0	0	0	297	84	0	311	250	0
PD24201a	784	0	0	0	544	0	0	0	0	0	825	0	0	6659	2233	0	5767	2742	660
PD24202a	285	0	0	0	0	0	0	0	0	0	707	0	0	0	0	0	3847	2597	261
PD24204a	669	0	0	0	530	0	0	0	0	0	0	0	0	0	0	0	1586	0	0
PD24205a	395	0	5213	0	846	0	0	0	0	0	291	0	0	0	0	0	1707	0	239
PD24206a	184	244	0	0	564	0	0	0	0	0	217	0	0	0	0	0	2100	0	265
PD24207a	520	0	0	0	0	0	0	0	0	0	1067	0	0	0	0	0	2060	0	1069
PD24208a	462	0	0	0	0	0	0	0	0	0	10803	0	0	0	0	0	1121	0	13174
PD24209a	167	0	0	0	0	0	0	0	0	0	4484	0	0	0	0	0	3159	0	2259
PD24212a	388	381	5356	0	1139	0	0	0	0	0	418	0	0	0	0	0	1661	0	482
PD24213a	122	38	251	0	0	0	0	0	0	0	0	0	0	0	0	0	609	0	0
PD24214a	608	0	0	0	808	0	0	0	0	0	0	0	0	0	0	0	1639	0	0
PD24215a	120	0	0	0	1170	0	0	0	0	0	284	0	0	0	1237	0	2042	1068	189
PD24216a	320	0	0	0	0	0	0	0	0	0	2580	0	0	0	0	0	3900	0	2466
PD24217a	93	0	0	0	0	0	0	0	0	0	9874	0	0	0	0	0	325	0	4973
PD24218a	228	158	0	0	250	0	0	0	0	0	85	0	0	0	0	0	2449	0	102
PD24219a	758	0	0	0	356	0	0	0	0	0	0	0	0	0	0	0	2195	0	0
PD24220a	540	0	0	0	394	0	0	0	0	0	653	0	0	0	0	0	1720	0	277
PD24221a	96	0	774	0	352	0	0	0	0	0	0	0	0	0	337	0	712	0	0
PD24224a	232	80	0	0	305	0	0	0	0	0	112	0	0	0	0	0	1354	0	104
PD24225a	149	0	0	0	239	0	0	0	0	0	231	0	0	0	0	0	872	0	312
PD24302a	179	61	0	0	0	0	0	0	0	0	26	0	0	0	0	0	934	0	62
PD24303a	164	0	3000	0	0	0	0	0	0	0	537	0	0	0	0	0	596	0	151
PD24304a	139	93	0	0	288	0	0	0	0	0	0	0	0	2483	0	0	1994	1761	0
PD24306a	94	60	0	0	0	0	0	0	0	0	149	0	0	1057	0	0	1156	754	38
PD24307a	169	72	347	0	145	0	0	0	0	0	24	0	0	0	0	0	763	0	62
PD24308a	358	274	1739	0	0	0	0	0	0	0	238	0	0	0	0	0	2010	0	92
PD24314a	382	0	933	0	575	0	0	0	0	0	106	0	0	0	393	0	1368	0	87
PD24318a	301	88	0	0	195	0	0	0	0	0	73	0	0	0	0	0	1829	0	34
PD24320a	1013	0	0	5381	0	0	0	0	0	0	0	0	0	0	0	0	9267	0	0
PD24322a	435	0	1604	0	0	0	0	0	0	0	748	0	0	0	0	0	1430	0	621
PD24325a	511	0	0	0	1041	0	0	0	0	0	843	0	0	0	1070	0	3824	2695	287
PD24326a	375	0	0	0	0	0	0	0	0	0	10690	0	0	0	0	0	2014	0	10447
PD24327a	455	0	0	0	0	0	0	0	0	0	6980	0	0	0	0	0	2920	0	5743
PD24328a	247	0	829	0	0	0	0	0	0	0	211	0	0	0	0	0	745	0	177
PD24329a	442	0	436	0	263	0	0	0	0	0	56	0	0	0	0	0	766	0	124
PD24332a	345	112	0	0	266	0	0	0	0	0	61	0	0	0	0	0	1007	0	117
PD24333a	522	0	0	0	0	0	0	0	0	0	1396	820	11692	0	0	0	6899	0	1459
PD24335a	743	0	1114	0	317	0	0	0	0	0	252	0	0	0	0	0	1250	0	247
PD24336a	153	164	0	0	375	0	0	0	0	0	178	0	0	0	0	0	2160	0	289
PD24337a	269	0	3821	0	0	0	0	0	0	0	269	0	0	0	0	0	1122	0	114
PD4076a	343	0	0	0	213	0	0	0	0	0	41	0	0	0	0	0	1282	0	200
PD4252a	483	0	827	0	712	0	0	0	0	220	0	0	0	0	438	0	1073	0	0
PD4264a	467	0	0	0	0	0	0	0	0	0	46	0	0	0	0	0	1398	0	199
PD4844a	447	0	8416	0	0	0	0	0	0	0	915	0	0	0	0	0	2412	0	428
PD4872a	198	0	2821	0	0	0	0	0	0	0	643	0	0	0	0	0	556	0	508
PD4874a	193	0	0	0	0	0	0	0	0	0	1925	0	0	0	0	0	4130	2358	935
PD4875a	388	0	3304	0	662	0	0	0	0	0	252	0	0	0	0	0	1944	0	169
PD4876a	170	0	3298	0	0	0	0	0	0	0	394	0	0	0	0	0	680	0	259
PD4956a	423	0	7683	0	0	0	0	0	0	0	1251	0	0	0	0	0	1640	0	344
PD4969a	121	54	0	0	148	0	0	0	0	0	14	0	0	0	0	0	659	0	30
PD4972a	164	48	0	0	146	0	0	0	0	0	0	0	0	0	0	0	782	0	0
PD4977a	854	0	0	0	0	0	0	0	0	0	18369	0	0	0	0	0	3183	0	19729
PD4978a	332	0	1133	0	0	0	0	0	0	0	542	0	0	0	0	0	1149	0	548
PD5930a	190	0	2018	0	260	0	0	0	0	0	416	0	0	0	352	0	544	0	122
PD5932a	341	0	6050	0	0	0	0	0	0	0	1535	0	0	0	0	0	1407	0	498
PD5937a	3845	0	0	0	0	0	0	0	0	0	19606	0	0	0	0	19178	9407	0	23827
PD5938a	205	0	329	0	0	0	0	0	0	0	68	0	0	0	0	0	734	0	189
PD5945a	190	0	0	0	0	0	0	0	0	0	370	0	0	2612	623	0	2480	2264	160
PD5946a	618	0	0	0	690	0	0	0	0	0	171	0	0	0	0	0	2245	0	158
PD5947a	255	0	431	0	198	0	0	0	0	133	190	0	0	0	0	0	382	0	178
PD5948a	403	0	6585	0	0	0	0	0	0	0	0	0	0	0	1662	0	3397	2919	0
PD5953a	337	0	0	0	212	0	0	0	0	0	0	0	0	0	226	0	1298	0	0
PD5954a	249	87	488	0	0	0	0	0	0	0	118	0	0	0	0	0	852	0	209
PD5959a	301	82	603	0	0	0	0	0	0	0	72	0	0	0	0	0	1194	0	234
PD5960a	282	0	2412	0	0	0	0	0	0	0	129	0	0	0	0	0	987	0	146
PD5964a	154	0	455	0	267	0	0	0	0	0	49	0	0	0	0	0	576	0	75
PD6016a2	226	0	0	0	0	0	0	0	0	0	250	0	0	0	0	0	1087	0	338
PD6048a	479	0	1154	0	524	0	0	0	0	206	132	0	0	0	0	0	403	0	164
PD6404a	412	0	3036	0	0	0	0	0	0	0	520	0	184	0	0	0	2008	0	330
PD6405a	633	0	0	0	0	0	0	0	0	0	23336	0	0	0	0	0	2322	0	8895
PD6406a	204	0	3257	0	325	0	0	0	0	0	255	0	0	0	495	0	316	0	75
PD6412a	2690	0	0	0	0	4920	0	0	0	0	0	0	0	0	0	5166	12147	0	0
PD6414a	170	0	0	0	197	0	0	0	0	99	39	0	0	0	201	0	961	0	92
PD6416a	77	138	0	0	0	0	0	0	0	0	351	37	153	0	0	0	1465	896	170
PD6684a	448	0	8657	0	0	0	0	0	0	0	2321	0	0	0	0	0	1440	0	634
PD6711a2	300	0	473	0	0	0	0	0	0	155	28	0	0	0	0	0	849	0	91
PD6727b	833	0	2679	0	0	0	0	0	0	0	869	0	0	0	0	0	1789	0	453
PD6728b	232	0	1263	0	289	0	0	0	0	0	129	0	0	0	0	0	537	0	96
PD6729a2	528	0	2433	0	0	0	0	0	0	0	136	0	0	0	0	0	1645	0	100
PD6730b	417	0	6855	0	835	0	0	0	0	0	393	0	0	0	0	0	1225	0	188
PD6731a2	263	0	0	0	0	0	0	0	0	0	2744	0	0	0	0	0	4221	0	1245
PD6732b	253	0	1017	0	0	0	0	0	0	0	347	0	0	0	0	0	1110	0	160
PD6733b	498	0	0	0	560	0	0	0	0	0	586	0	0	0	550	0	1980	0	455
PD7066a	335	0	2108	0	0	0	0	0	0	0	241	0	0	0	259	0	566	0	97
PD7067a	388	0	0	0	0	0	0	0	0	0	281	0	0	0	902	0	2965	1215	129
PD7069a	423	0	0	0	0	0	0	0	0	0	1393	0	0	0	0	0	2269	0	1022
PD7070a	199	0	0	0	0	0	0	0	0	0	658	0	0	0	1426	0	3727	1920	311
PD7202a	784	0	0	0	1351	0	0	0	0	0	279	0	0	0	0	0	2310	0	385
PD7203a	108	0	0	0	297	0	0	0	0	0	280	0	0	0	0	0	663	0	210
PD7204a	345	79	0	0	249	0	0	0	0	0	23	0	0	0	0	0	1310	0	162
PD7205a	465	0	0	0	0	0	0	0	0	0	1986	0	0	0	0	0	4295	0	1064
PD7210a	238	51	0	0	151	0	0	0	0	0	0	0	0	0	0	0	871	0	0
PD7211a	459	0	6120	0	0	0	0	0	0	0	378	0	0	0	0	0	999	0	203
PD7220a	408	0	0	0	0	0	0	0	0	0	244	0	0	0	0	0	1678	0	363
PD7238a	348	0	569	0	0	0	0	0	0	177	45	0	0	0	0	0	807	0	261
PD7240a	648	0	2072	0	0	0	0	0	0	0	173	0	0	0	504	0	1603	0	148
PD7243a	568	0	1926	0	1366	0	0	0	0	0	271	0	0	0	0	0	2057	0	510
PD7248a	523	0	8928	0	0	0	0	0	0	0	1306	0	0	0	0	0	1704	0	395
PD7249a	314	0	0	0	478	0	0	0	0	0	893	0	0	0	0	0	2084	0	778
PD7250a	319	0	3959	0	0	0	0	0	0	0	246	0	0	0	0	0	1540	1608	107
PD7304a	238	0	733	0	193	0	0	0	0	0	74	0	0	0	0	0	611	0	144
PD7305a	717	0	0	0	1067	0	0	0	0	0	424	0	0	0	0	0	2146	0	380
PD7306a	738	258	1577	0	982	0	0	0	0	0	479	0	0	0	0	0	2094	0	679
PD7307a	230	0	0	0	0	0	0	0	0	0	3461	0	0	0	0	0	2354	0	2305
PD7322a	316	0	0	0	588	0	0	0	0	0	0	0	0	0	0	0	1099	0	0
PD7341a	329	0	0	0	432	0	0	0	0	0	459	0	0	0	0	0	1581	0	247
PD7344a	81	0	0	0	114	0	0	0	0	0	35	0	0	0	111	0	367	0	12
PD7426a	170	0	0	0	0	0	0	0	0	0	4598	0	0	0	0	0	6284	6267	935
PD7427a	112	72	0	0	410	0	0	0	0	0	68	0	0	0	0	0	732	315	29
PD7428a	564	0	12357	0	0	0	0	0	0	0	1192	0	0	0	0	0	1274	0	407
PD8608a	343	0	0	0	0	0	0	0	0	0	4011	0	0	0	0	0	1290	0	5229
PD8609a	355	0	0	0	0	0	0	0	0	0	1147	0	0	0	0	0	1751	0	1787
PD8610a	184	0	3301	0	0	0	0	0	0	0	434	0	0	0	0	0	809	0	281
PD8611a	259	0	4086	0	0	0	0	0	0	0	821	0	0	0	0	0	1357	0	202
PD8612a	371	94	728	0	0	0	0	0	0	0	68	0	0	0	0	0	502	0	180
PD8614a	160	0	383	0	138	0	0	0	0	0	0	0	0	0	0	0	690	0	63
PD8615a	315	0	1197	0	0	0	0	0	0	0	1312	0	0	0	0	0	781	0	653
PD8617a	235	0	564	0	0	0	0	0	0	0	0	0	0	0	0	0	1040	0	48
PD8619a	416	0	1010	0	321	0	0	0	0	0	221	0	0	0	386	0	1040	0	136
PD8620a	177	0	0	0	0	0	0	0	0	0	889	0	0	0	0	0	930	0	651
PD8621a	383	0	5231	0	0	0	0	0	0	0	474	0	0	0	519	0	1089	0	174
PD8652a2	736	0	10244	0	0	0	0	0	0	0	1448	0	0	0	0	0	2685	0	515
PD8660a2	1286	0	11777	0	0	0	0	0	0	0	2567	0	0	0	2709	0	5369	0	2172
PD8828a	259	0	0	0	0	0	0	0	0	0	331	0	0	0	0	0	1138	0	333
PD8832a	513	0	0	0	0	0	0	0	0	0	783	0	0	7607	1851	0	7465	7353	403
PD8969a	313	0	3297	0	518	0	0	0	0	0	810	0	0	0	0	0	1304	0	470
PD8973a	446	0	0	0	0	0	0	0	0	0	2298	0	0	0	0	0	1650	0	1491
PD8977a	936	207	0	0	382	0	0	0	0	0	78	0	0	0	0	0	2296	0	123
PD8978a	488	0	3536	0	0	0	0	0	0	0	383	0	0	0	715	0	1197	0	189
PD8979a	457	0	1279	0	0	0	0	0	0	244	137	0	0	0	422	0	1242	0	226
PD8980a	646	0	10635	0	0	0	0	0	0	0	1124	0	0	0	0	0	1746	0	926
PD8981a	253	61	467	0	204	0	0	0	0	0	81	0	0	0	0	0	549	0	129
PD8982a	712	0	11725	0	0	0	0	0	0	0	5242	0	0	0	0	0	1794	0	1824
PD8984a	488	0	6065	0	0	0	0	0	0	0	1031	0	0	0	0	0	1071	0	352
PD8995a	986	0	0	0	0	0	0	0	0	0	1771	0	0	0	0	0	2835	0	1952
PD8996a	557	0	926	0	458	0	0	0	0	0	65	0	0	0	0	0	1077	0	128
PD8997a	422	0	654	0	278	0	0	0	0	0	161	0	0	0	0	0	1159	0	137
PD8998a	77	0	0	0	0	0	0	0	0	0	1746	0	0	0	0	0	1888	0	1015
PD8999a	208	60	0	0	141	0	0	0	0	0	10	0	0	0	0	0	878	0	45
PD9004a	345	0	6812	0	0	0	0	0	0	0	1160	0	0	0	0	0	1449	0	525
PD9009a	496	0	0	0	0	0	0	0	0	0	7313	0	0	0	0	0	3984	0	3326
PD9063a	679	0	0	0	0	0	0	0	0	0	21337	0	0	0	0	0	1492	0	26431
PD9064a	576	0	9105	0	0	0	0	0	0	0	664	0	0	0	0	0	1439	0	422
PD9065a	254	0	0	0	793	0	0	0	0	0	31	0	0	0	0	0	888	0	236
PD9067a	215	62	0	0	169	0	0	0	0	0	106	0	0	0	0	0	834	0	159
PD9193a	201	0	509	0	300	0	0	0	0	0	127	0	0	0	0	0	472	0	67
PD9464a	376	0	1707	0	739	0	0	0	0	0	328	0	0	0	0	0	1601	0	434
PD9467a	501	0	448	0	266	0	0	0	0	0	43	0	0	0	0	0	1028	0	165
PD9539a	959	0	0	0	433	0	0	0	0	0	147	0	0	0	0	0	1907	0	114
PD9541a	654	0	825	0	0	0	0	0	0	0	44	0	0	0	0	0	926	0	237
PD9544a	219	84	0	0	167	0	0	0	0	0	20	0	0	0	0	0	816	0	73
PD9568a	1084	0	19348	0	0	0	0	0	0	0	3347	0	0	0	2174	0	2379	0	1599
PD9571a	351	0	1978	0	0	0	0	0	0	0	144	0	0	0	521	0	1551	0	97
PD9575a	339	0	2096	0	0	0	0	0	0	0	428	0	0	0	986	0	2378	0	211
PD9576a	685	0	13259	0	0	0	0	0	0	0	578	0	0	0	0	0	2795	0	265
PD9578a	129	65	0	0	129	0	0	0	0	0	0	0	0	0	0	0	755	0	0
PD9579a	208	0	534	0	0	0	0	0	0	0	53	0	0	0	0	0	761	0	66
PD9581a	210	57	0	0	137	0	0	0	0	0	0	0	0	0	0	0	1195	0	0
PD9584a	372	0	604	0	236	0	0	0	0	0	38	0	0	0	0	0	1382	0	102
PD9585a	558	0	7238	0	0	0	0	0	0	0	979	0	0	0	0	0	941	0	405
PD9591a	216	50	376	0	0	0	0	0	0	0	0	0	0	0	0	0	585	0	57
PD9593a	201	0	0	0	248	0	0	0	0	113	0	0	0	0	0	0	1045	0	0
PD9595a	573	0	6753	0	0	0	0	0	0	0	263	0	0	0	0	0	1754	0	187
PD9597a	222	0	0	0	0	0	0	0	0	0	868	0	0	0	0	0	740	0	1071
PD9600a	283	110	682	0	143	0	0	0	0	0	0	0	0	0	0	0	791	0	0
PD9604a	1051	0	0	0	0	5713	0	0	0	0	304	0	0	0	0	1330	2038	0	214
PD9606a	239	0	302	0	0	0	0	0	0	0	0	0	0	0	0	0	681	0	0
PD9608a	218	0	502	0	0	0	0	0	0	0	73	0	0	0	0	0	646	0	31
PD9694a	395	0	476	0	240	0	0	0	0	166	0	0	0	0	0	0	427	0	0
PD9696a	283	0	4145	0	0	0	0	0	0	0	624	0	0	0	0	0	504	0	207
PD9702a	323	0	5355	0	0	0	0	0	0	0	1049	0	0	0	0	0	811	0	218
PD9752a	561	0	888	0	295	0	0	0	0	0	296	0	0	0	0	0	1099	0	315
PD9754a	342	0	471	0	232	0	0	0	0	0	11	0	0	0	0	0	773	0	56
PD9755a	256	0	441	0	0	0	0	0	0	158	12	0	0	0	0	0	757	0	72
PD9756a	271	0	0	0	0	0	0	0	0	0	1106	0	0	0	0	0	1632	0	1185
PD9757a	220	0	0	0	243	0	0	0	0	0	42	0	0	0	0	0	994	0	72
PD9759a	330	0	457	0	185	0	0	0	0	163	21	0	0	0	0	0	920	0	100
PD9760a	600	0	1685	0	0	0	0	0	0	0	595	0	0	0	0	0	1509	0	573
PD9761a	350	0	0	0	335	0	0	0	0	132	25	0	0	0	0	0	1173	0	76
PD9842a	327	117	0	0	268	0	0	0	0	225	128	0	0	0	0	0	2050	0	43
PD9843a	207	0	403	0	256	0	0	0	0	0	0	0	0	0	0	0	1126	0	0
PD9844a	50	0	123	0	92	0	0	0	0	47	0	0	0	0	0	0	187	0	0
PD9845a	237	0	835	0	0	0	0	0	0	0	129	0	0	0	0	0	1672	0	242
PD9847a	234	0	611	0	184	0	0	0	0	0	0	0	0	0	0	0	1182	0	0
PD4261a	211	55	556	0	0	0	0	0	0	0	0	0	0	0	0	0	1117	0	0
PD4826a	252	209	0	0	486	0	0	0	0	0	550	0	0	0	0	0	1956	0	475
PD4833a	222	0	5009	0	0	0	0	0	0	0	402	0	0	0	0	0	1069	0	209
PD4841a	390	0	4571	0	0	0	0	0	0	0	253	0	0	0	0	0	1708	0	184
PD4847a	417	686	2613	0	2159	0	0	0	0	0	0	155	320	0	0	0	5033	0	0
PD4951a	136	0	1846	0	0	0	0	0	0	0	193	0	0	0	0	0	620	0	113
PD4952a	569	0	7762	0	0	0	0	0	0	0	750	0	0	0	0	0	2173	0	671
PD4955a	207	0	3383	0	663	0	0	0	0	0	293	0	0	0	0	0	1201	0	305
PD4957a	164	0	1593	0	0	0	0	0	0	0	252	0	0	0	0	0	758	0	151
PD4958a	247	0	5299	0	0	0	0	0	0	0	616	0	0	0	0	0	1505	0	468
PD4966a	127	0	0	0	113	0	0	0	0	0	14	0	0	0	0	0	754	0	29
PD4975a	272	219	4934	0	0	0	0	0	0	0	295	0	0	0	0	0	853	0	172
PD4986a	173	0	573	0	0	0	0	0	0	0	0	0	0	0	0	0	985	0	0
PD5934a	418	0	9920	0	0	0	0	0	0	0	307	0	0	0	0	0	805	0	205
PD5935a	420	0	7148	0	0	0	0	0	0	0	1040	0	0	0	0	0	1558	0	332
PD5951a	600	0	969	0	349	0	0	0	0	0	77	0	0	0	0	0	1444	0	204
PD6041a	184	65	0	0	213	0	0	0	0	0	0	0	0	0	0	0	1150	0	0
PD6045a	143	0	0	0	243	0	0	0	0	0	224	0	0	0	0	0	1123	0	333
PD6410a	246	0	4824	0	0	0	0	0	0	0	677	0	0	0	0	0	1037	0	151
PD6413a	195	0	3176	0	0	0	0	0	0	0	574	0	0	0	0	0	459	0	360
PD7208a	156	0	718	0	218	0	0	0	0	0	238	0	0	0	0	0	601	0	320
PD7217a	378	0	6138	0	0	0	0	0	0	0	1044	0	0	0	0	0	1518	0	757
PD7404a	787	0	6431	0	0	0	0	0	0	0	2128	0	0	0	1093	0	1254	0	804
PD7409a	390	290	2444	0	1104	0	0	0	0	0	501	52	296	0	0	0	1476	0	324
PD7431a	342	0	0	0	408	0	0	0	0	0	1046	0	0	0	0	0	1599	0	537
PD4103a	19	0	0	0	0	0	0	0	0	0	215	0	0	0	0	0	181	0	176
