Sample	SBS1	SBS7c	SBS40	SBS9	SBS7d	SBS38	SBS13	SBS7b	SBS7a	SBS17a	SBS17b	SBS5	SBS2
SP124339	181	74	0	0	438	190	40	125	322	0	0	1324	70
SP124454	196	1040	0	0	765	0	0	7620	45777	0	0	3417	0
SP124273	411	0	4429	0	0	0	371	0	0	0	0	1096	449
SP124357	672	0	4082	0	0	0	251	0	0	0	0	2085	433
SP124355	439	0	2247	0	0	0	157	0	0	0	0	856	116
SP124434	239	2609	0	0	1744	0	0	15538	58348	0	0	6783	0
SP124428	124	6728	0	0	7343	0	0	48254	241818	0	0	1422	0
SP124396	331	1007	0	0	829	0	0	7539	30641	0	0	7160	0
SP124341	416	0	8200	0	0	0	572	0	0	0	0	4606	472
SP124353	358	0	1440	0	0	307	266	0	0	0	0	911	192
SP124278	461	0	2614	0	0	522	0	0	0	0	0	1192	0
SP124376	214	542	0	0	1651	0	0	8501	41124	0	0	3136	0
SP124346	658	0	8155	0	1337	0	0	7536	5544	0	0	151	1807
SP124351	330	0	1871	0	710	0	0	1102	2965	0	0	0	0
SP124406	128	3027	0	0	1284	0	0	14732	46821	0	0	7762	0
SP124323	374	0	2195	0	0	2044	0	0	0	0	0	582	0
SP124391	525	61	3645	0	181	618	317	764	66	0	0	1097	336
SP124423	36	202	0	0	787	0	0	6018	24209	0	0	1666	0
SP124460	88	5671	0	0	5156	0	0	26025	127038	0	0	0	0
SP124425	101	4629	0	0	2807	0	0	18945	60043	0	0	4993	0
SP124456	185	1140	0	0	1113	0	0	10538	29936	0	0	1985	0
SP124281	221	0	1673	0	0	1834	0	0	0	0	0	665	0
SP124333	157	1191	0	0	2240	0	0	9444	30352	0	0	1823	0
SP124359	812	0	3726	0	0	239	0	0	0	0	0	2629	0
SP124286	189	0	767	0	162	199	0	138	430	0	0	261	0
SP124326	40	749	0	0	1990	0	0	11780	44386	0	0	2345	0
SP124458	152	5653	0	0	6950	0	0	38795	107255	0	0	2706	0
SP124264	699	0	9467	0	0	500	585	0	0	0	0	2017	108
SP124384	5424	4484	0	0	4099	0	0	35355	102132	0	0	26288	0
SP124403	96	384	0	0	539	0	0	2314	6361	0	0	1128	0
SP124462	99	3224	0	0	4796	0	0	23000	82233	0	0	819	0
SP124271	910	0	10356	0	812	0	0	2441	1275	0	0	1893	1280
SP124336	500	0	5858	0	0	1058	0	0	0	0	0	1503	0
SP124452	19	2196	0	0	2818	0	0	22467	61794	0	0	2615	0
SP124386	320	1550	0	0	3727	0	0	22184	86720	0	0	1334	0
SP124441	845	0	8365	0	0	643	417	0	0	0	0	1047	166
SP124291	311	0	3163	0	0	0	405	0	0	0	0	1340	506
SP124344	455	0	2936	0	0	0	473	0	0	0	0	1971	0
SP124348	439	0	2589	0	0	347	33	0	0	0	0	984	248
SP124295	651	0	7858	0	0	2368	0	0	0	922	5155	2602	0
SP124444	212	639	0	0	340	0	0	2254	12882	0	0	3048	0
SP124365	159	2482	0	0	3686	0	0	11808	51274	0	0	6127	0
SP124364	328	4901	0	0	3901	0	0	20894	75499	0	0	3891	0
SP83382	298	1436	0	0	1333	0	0	12300	38932	0	0	4583	0
SP82451	571	1278	0	0	2119	0	0	11116	27767	0	0	8682	0
SP104330	164	29	0	0	109	0	0	626	1438	0	0	615	0
SP83312	207	2361	0	0	1667	0	0	12027	37028	0	0	4452	0
SP113197	495	0	2133	0	0	0	382	0	0	0	0	1778	269
SP82636	523	0	3340	0	0	535	97	0	0	0	0	2404	418
SP82796	522	1237	0	0	905	0	0	7097	30107	0	0	5342	0
SP104530	203	2105	0	0	1338	0	0	11285	41472	0	0	14959	0
SP82429	310	518	7239	0	1477	0	0	5117	15487	0	0	0	0
SP82988	640	1748	0	0	2501	0	0	3440	77156	0	0	6938	0
SP82461	369	1792	0	0	3142	0	0	21585	53382	0	0	4449	0
SP82399	70	3537	0	0	4934	0	0	24485	81125	0	0	2144	0
SP82756	206	1797	0	0	544	0	0	2483	9809	0	0	1004	0
SP82836	140	300	0	0	1263	0	0	11827	21127	0	0	4137	0
SP82471	477	0	3399	0	0	232	0	0	0	0	0	2546	0
SP82435	304	0	2461	0	260	0	0	946	3262	0	0	241	0
SP83083	372	2986	0	0	1980	0	0	18279	46015	0	0	6045	0
SP82433	211	648	0	0	1528	0	0	4510	37072	0	0	1659	0
SP82780	37	947	0	0	1800	0	0	6869	24469	0	0	1901	0
SP83019	233	2732	0	0	2645	0	0	18959	68531	0	0	5023	0
SP83099	341	808	0	0	740	0	0	4073	12776	0	0	3473	0
SP83146	576	10612	0	0	6176	0	0	39836	277554	0	0	13132	0
SP103866	218	4712	0	0	3287	0	0	19752	66918	0	0	0	0
SP83844	249	1584	0	0	2219	0	0	10241	38216	0	0	4678	0
SP83027	681	0	2486	0	629	0	0	228	694	0	0	1500	0
ML_04_T_01	799	0	2865	0	0	0	0	0	0	0	0	3883	0
ML_06_T_01	543	0	0	0	0	0	0	0	0	0	0	5141	0
ML_07_T_01	369	0	0	0	0	2577	0	0	0	0	0	5899	0
ML_08_T_01	5338	0	0	0	0	0	0	0	0	0	0	50995	0
ML_09_T_01	408	0	0	0	0	854	0	0	0	0	0	4984	0
ML_103_T_01	146	128	0	0	165	0	0	835	2343	0	0	1127	0
ML_104_T_01	125	1034	0	0	1098	0	0	11216	24180	0	0	7305	0
ML_106_T_01	240	0	0	0	0	0	0	0	0	0	0	2575	0
ML_108_T_01	624	0	0	0	0	0	0	0	0	0	0	5862	0
ML_10_T_01	213	339	0	0	17	0	0	277	1046	0	0	2112	0
ML_12_T_01	256	0	0	0	0	0	0	0	0	0	0	2788	0
ML_14_T_01	204	959	0	0	382	0	0	2813	8376	0	0	4879	0
ML_15_T_01	242	0	0	0	0	0	0	0	0	0	0	1769	0
ML_21_T_01	1119	1162	11027	0	2925	0	0	1770	10606	0	0	2942	0
ML_23_T_01	348	3472	0	0	3408	0	0	24007	86118	0	0	4096	0
ML_28_T_01	856	0	5069	0	0	0	0	0	0	0	0	2300	0
ML_29_T_01	145	0	0	0	0	0	0	0	0	0	0	2325	0
ML_30_T_01	313	0	2155	0	0	0	0	0	0	0	0	1891	0
ML_31_T_01	201	299	0	0	539	0	0	2927	10460	0	0	4311	0
ML_34_T_01	176	0	0	0	0	0	0	0	0	0	0	1682	0
ML_36_T_01	325	1266	0	0	951	5406	0	5175	16602	0	0	8523	0
ML_37_T_01	390	2950	0	0	1278	0	0	7793	46770	0	0	2225	0
ML_38_T_01	322	833	0	0	950	0	0	5545	28793	0	0	5417	0
ML_39_T_01	278	447	0	0	558	0	0	2422	10133	0	0	4595	0
ML_41_T_01	520	413	0	0	246	0	0	939	2075	0	0	4593	0
ML_42_T_01	541	876	0	0	1081	0	0	3376	13407	0	0	6626	0
ML_43_T_01	123	0	0	0	0	0	0	0	0	0	0	1058	0
ML_44_T_01	168	833	0	0	794	0	0	11843	41566	0	0	8347	0
ML_45_T_01	86	3923	0	0	5265	0	0	30585	75031	0	0	9630	0
ML_47_T_01	188	0	0	0	0	0	0	0	0	0	0	3376	0
ML_50_T_01	246	0	0	0	0	531	0	0	0	0	0	3357	0
ML_55_T_01	508	0	0	0	0	822	0	0	0	0	0	4977	0
ML_59_T_01	426	0	0	2448	0	0	0	0	0	0	0	7792	0
ML_63_T_01	356	0	0	0	0	408	0	0	0	0	0	3624	0
ML_64_T_01	334	427	0	0	177	0	0	2723	9061	0	0	4178	0
ML_67_T_01	273	0	0	0	0	0	0	0	0	0	0	3322	0
ML_68_T_01	284	0	0	0	0	0	0	0	0	0	0	5909	0
ML_73_T_01	194	270	0	0	38	0	0	182	1887	0	0	1486	0
ML_74_T_01	92	928	0	0	470	0	0	2983	26702	0	0	3478	0
ML_75_T_01	324	0	0	0	0	0	111	0	0	0	0	3370	218
ML_76_T_01	437	6164	0	4407	2487	0	0	10	1626	0	0	2482	0
ML_77_T_01	391	0	0	0	0	0	0	0	0	0	0	4720	0
ML_79_T_01	94	0	0	0	0	0	0	0	0	0	0	3368	0
ML_81_T_01	270	635	0	0	455	0	0	3176	13625	0	0	4451	0
ML_86_T_01	782	0	3624	0	0	470	0	0	0	0	0	3391	0
ML_87_T_01	238	699	0	0	1097	0	0	9978	45151	0	0	4791	0
ML_89_T_01	453	0	0	0	0	1861	0	0	0	0	0	7178	0
ML_91_T_01	608	591	0	0	165	699	134	2286	1950	0	0	7911	760
ML_92_T_01	1118	2567	0	0	7165	0	0	34512	116774	0	0	17801	0
ML_93_T_01	221	291	0	0	103	0	0	910	3011	0	0	2123	0
ML_94_T_01	276	463	0	0	350	0	0	2714	7203	0	0	5161	0
ML_95_T_01	33	557	0	0	268	0	0	3656	30160	0	0	4900	0
ML_97_T_01	432	0	0	0	0	0	0	0	0	0	0	4576	0
ML_99_T_01	210	545	0	0	415	0	0	1989	8933	0	0	3645	0
MELA_0004	326	0	0	1560	0	265	0	0	0	0	0	4090	0
MELA_0010	277	0	0	0	0	0	0	0	0	0	0	3171	0
MELA_0013	362	0	1468	0	0	0	0	0	0	0	0	1212	0
MELA_0014	699	0	1917	0	0	203	115	0	0	0	0	2134	177
MELA_0016	233	288	0	0	885	0	0	3802	15123	0	0	2719	0
MELA_0017	40	341	0	0	437	0	0	1924	12567	0	0	805	0
MELA_0018	293	3664	0	0	1748	0	0	11645	38426	0	0	4593	0
MELA_0019	509	8481	0	0	7670	0	0	22630	136388	0	0	8037	0
MELA_0021	199	1142	0	0	438	0	219	1138	1295	0	0	2483	561
MELA_0023	427	5999	0	0	3688	0	0	40409	156143	0	0	2465	0
MELA_0024	141	3944	0	0	4039	0	0	13652	50439	0	0	3862	0
MELA_0026	342	348	0	0	4173	0	0	4324	30564	0	0	5568	0
MELA_0028	141	2874	0	8378	823	0	0	12335	31297	0	0	1731	0
MELA_0029	99	1954	0	0	2346	0	0	19921	45932	0	0	3242	0
MELA_0030	271	0	2091	0	0	0	0	0	0	0	0	703	0
MELA_0032	297	9356	0	0	6032	0	0	54548	112296	0	0	9999	0
MELA_0041	245	2964	0	0	2648	0	0	18996	59625	0	0	2306	0
MELA_0044	64	1738	0	0	3318	0	0	15926	55305	0	0	2938	0
MELA_0049	73	558	0	0	731	0	0	6960	18284	0	0	3175	0
MELA_0054	266	0	3231	1511	0	0	333	0	0	0	0	1386	240
MELA_0057	325	0	1474	0	0	0	0	0	0	0	0	880	0
MELA_0058	578	0	0	0	0	0	0	0	0	0	0	2983	0
MELA_0059	107	0	0	0	0	1688	622	0	0	0	0	4759	525
MELA_0063	350	0	0	0	0	0	0	0	0	0	0	1926	0
MELA_0065	1003	0	4869	0	0	0	0	0	0	0	0	2008	0
MELA_0068	281	40	2117	0	314	0	0	125	735	0	0	1051	0
MELA_0071	542	0	2225	0	0	0	0	0	0	0	0	1865	0
MELA_0072	468	0	4247	0	0	0	0	0	0	0	0	1701	0
MELA_0078	397	16385	0	0	8494	0	0	23674	88601	0	0	2502	0
MELA_0080	253	1310	0	0	1014	0	0	8680	27615	0	0	3681	0
MELA_0082	135	7108	0	0	2948	0	0	20941	68718	0	0	3385	0
MELA_0083	127	563	0	0	421	0	0	3787	24794	0	0	2401	0
MELA_0098	196	2698	0	0	4073	0	0	15363	71653	0	0	3039	0
MELA_0102	739	2249	0	0	1868	0	0	13855	43883	0	0	6538	0
MELA_0103	516	3242	0	0	1957	0	0	15608	69225	0	0	5225	0
MELA_0107	19	3818	0	0	2918	0	0	17726	61865	0	0	5651	0
MELA_0114	101	1420	0	0	1476	0	0	10512	51245	0	0	3433	0
MELA_0116	249	1197	0	0	659	0	0	5488	24109	0	0	4424	0
MELA_0118	611	3175	0	0	2376	0	0	10533	81945	0	0	5233	0
MELA_0119	264	1069	0	0	1592	0	0	10043	41265	0	0	2696	0
MELA_0121	562	1095	0	0	490	0	0	3187	13395	0	0	3551	0
MELA_0122	92	2158	0	0	2358	0	0	16085	59030	0	0	5350	0
MELA_0135	237	882	0	0	704	0	0	14785	54598	0	0	2317	0
MELA_0163	72	1280	0	0	3356	0	0	22304	65017	0	0	10721	0
MELA_0164	424	0	1570	0	0	257	0	0	0	0	0	856	0
MELA_0165	48	13024	0	0	6179	0	0	57352	156248	0	0	3699	0
MELA_0171	219	1321	0	0	2659	0	0	10302	44570	0	0	1247	0
MELA_0172	45	172	0	0	172	0	0	588	4361	0	0	372	0
MELA_0175	223	734	0	0	610	0	0	5724	17491	0	0	3278	0
MELA_0178	272	1751	0	0	2234	0	0	12745	49820	0	0	5135	0
MELA_0189	252	7945	0	0	7944	0	0	46906	294194	0	0	0	0
MELA_0199	849	1960	0	0	2417	0	0	14779	81287	0	0	4442	0
MELA_0201	204	3916	0	0	3414	0	0	23671	87948	0	0	3985	0
MELA_0204	734	0	0	0	0	0	0	0	0	0	0	4945	0
MELA_0207	221	2629	0	0	4969	0	0	31179	78106	0	0	5096	0
MELA_0208	249	4480	0	0	2816	0	0	7666	37484	0	0	4868	0
MELA_0210	379	3966	0	0	2734	0	0	14098	47456	0	0	9356	0
MELA_0211	26	4250	0	0	4882	0	0	19930	59489	0	0	7232	0
MELA_0212	277	2532	0	0	992	0	0	12344	63225	0	0	0	0
MELA_0214	123	507	0	0	1238	0	0	6124	41262	0	0	958	0
MELA_0215	130	3771	0	0	1870	0	0	16241	39887	0	0	3199	0
MELA_0217	146	0	0	0	0	0	101	0	0	0	0	1212	143
MELA_0220	260	685	0	0	361	0	0	5589	24885	0	0	2049	0
MELA_0225	372	0	3427	531	0	0	0	0	0	0	0	944	0
MELA_0240	606	209	626	0	10	620	0	188	494	0	0	1576	0
MELA_0241	103	2513	0	0	3288	0	0	13584	38930	0	0	7235	0
MELA_0242	123	373	0	0	629	0	0	2798	11438	0	0	2096	0
MELA_0243	274	52	1256	0	512	309	0	193	589	0	0	941	0
MELA_0244	64	1344	0	0	1467	0	0	8003	19157	0	0	6745	0
MELA_0245	152	0	0	0	0	0	0	0	0	0	0	1570	0
MELA_0248	587	30002	0	0	23931	0	0	130223	287606	0	0	29988	0
MELA_0249	114	4807	0	0	3706	0	0	17505	107977	0	0	2170	0
MELA_0250	108	192	0	0	388	0	0	2295	7913	0	0	1870	0
MELA_0254	1405	9102	0	0	21176	0	0	43617	238970	0	0	7890	0
MELA_0255	50	2238	0	0	3638	0	0	15878	67204	0	0	3682	0
MELA_0258	186	404	0	0	222	0	0	5181	19829	0	0	607	0
MELA_0261	138	515	0	0	266	0	0	5471	15095	0	0	3802	0
MELA_0262	165	20570	0	0	18174	0	0	95424	220877	0	0	33666	0
MELA_0263	116	1051	0	0	407	0	0	1504	14064	0	0	2118	0
MELA_0264	38	303	0	0	98	0	0	849	4536	0	0	831	0
SP124389	0	1373	0	0	1430	0	0	13716	52580	0	0	1770	0
SP124362	0	2927	0	0	4039	0	0	37579	170265	0	0	0	0
SP124334	0	2371	0	0	3075	0	0	15104	61216	0	0	5998	0
SP124380	0	6582	0	0	3375	0	0	33159	112716	0	0	7139	0
SP124399	0	6978	0	0	5114	0	0	21737	110546	0	0	0	0
SP124311	0	8465	0	0	6457	0	0	28489	56781	0	0	9187	0
SP124449	0	2410	0	0	4991	0	0	13419	116111	0	0	1056	0
SP124298	0	9633	0	0	9656	0	0	129215	218212	0	0	0	0
SP124431	0	4009	0	0	3689	0	0	30728	49119	0	0	5107	0
SP124409	0	5885	0	0	4553	0	0	13576	221660	0	0	0	0
SP124439	0	17160	0	0	4674	0	0	66646	218753	0	0	12450	0
SP124382	0	27295	0	0	13122	0	0	151742	286802	0	0	0	0
SP124415	0	50825	0	0	9908	0	0	53046	720711	0	0	24688	0
SP124436	0	17092	0	0	15454	0	0	48319	232844	0	0	5106	0
SP124367	0	5336	0	0	2877	0	0	31791	103754	0	0	12209	0
SP124377	0	2582	0	0	1841	0	0	17942	34087	0	0	4567	0
SP124412	0	2073	0	0	2682	0	0	12670	54151	0	0	5712	0
SP124329	0	1992	0	0	2262	0	0	7762	39710	0	0	0	0
SP124401	0	17170	0	0	9660	0	0	130272	270882	0	0	7981	0
SP124418	0	5013	0	0	5017	0	0	14294	79724	0	0	3333	0
SP124319	0	5776	0	0	4653	0	0	23928	170944	0	0	0	0
SP124305	0	862	0	0	1478	0	0	11821	34168	0	0	1553	0
SP124447	0	27495	0	0	13600	0	0	98904	280896	0	0	23196	0
SP124369	0	3074	0	0	4928	0	0	32620	98937	0	0	898	0
SP124420	0	979	0	0	2319	0	0	13535	52941	0	0	1363	0
SP124307	0	3319	0	0	3161	0	0	18645	93890	0	0	2495	0
SP82445	0	55230	0	0	7647	0	0	73820	577976	0	0	29880	0
SP83242	0	2579	0	0	1722	6250	0	19392	41151	0	0	2154	0
SP103894	0	6429	0	0	4890	0	0	36479	104306	0	0	7245	0
SP82614	0	2245	0	0	2683	0	0	15506	35817	0	0	1192	0
SP82431	0	42593	0	0	16509	0	0	92805	201882	0	0	19559	0
SP82459	0	1652	0	0	2693	0	0	16558	57196	0	0	187	0
SP82532	0	6350	0	0	5038	0	0	101077	83264	0	0	17160	0
SP83482	0	2982	0	0	682	0	0	15422	44300	0	0	5297	0
SP82644	0	3174	0	0	7082	0	0	36434	193823	0	0	0	0
SP82900	0	9620	0	0	5184	0	0	26169	224434	0	0	14407	0
SP82417	0	132	0	0	9036	0	0	42393	199184	0	0	0	0
SP104056	0	22790	0	0	28729	0	0	73242	209243	0	0	0	0
ML_102_T_01	0	3270	0	0	4721	0	0	15685	82050	0	0	3893	0
ML_17_T_01	0	4836	0	0	2327	0	0	16820	58960	0	0	8010	0
ML_24_T_01	0	3199	0	0	4606	0	0	23208	77874	0	0	1344	0
ML_33_T_01	0	9757	0	0	7328	0	0	57545	266042	0	0	8449	0
ML_52_T_01	0	2113	0	0	787	0	0	49858	166191	0	0	2720	0
ML_53_T_01	0	373	0	0	461	0	0	2042	21055	0	0	2685	0
ML_66_T_01	0	10939	0	0	5225	0	0	39994	107968	0	0	7102	0
ML_69_T_01	0	510	0	0	1628	0	0	7033	26574	0	0	3258	0
ML_72_T_01	0	5495	0	0	1488	0	0	14621	41847	0	0	13511	0
ML_98_T_01	0	16165	0	0	3587	0	0	22482	21327	0	0	7787	0
MELA_0006	0	26048	0	0	39570	0	0	139950	506905	0	0	47994	0
MELA_0020	0	4463	0	0	1716	0	0	10838	31570	0	0	2847	0
MELA_0025	0	3877	0	0	1996	0	0	5603	26253	0	0	150	0
MELA_0027	0	2264	0	0	1167	0	0	10902	17988	0	0	1227	0
MELA_0031	0	902	0	0	1503	0	0	8399	83284	0	0	0	0
MELA_0039	0	2741	0	0	2358	0	0	6591	30399	0	0	1349	0
MELA_0040	0	2775	0	0	586	0	0	5084	39283	0	0	3731	0
MELA_0047	0	9855	0	0	8827	0	0	45669	275089	0	0	0	0
MELA_0079	0	22828	0	0	5756	0	0	82137	107373	0	0	11238	0
MELA_0104	0	4516	0	0	4347	0	0	48475	99551	0	0	7603	0
MELA_0105	0	4563	0	0	2760	0	0	11162	68324	0	0	3192	0
MELA_0108	0	7012	0	0	4562	0	0	22081	77787	0	0	2126	0
MELA_0110	0	8870	0	0	2268	0	0	24800	134375	0	0	47	0
MELA_0166	0	12081	0	0	3947	0	0	53768	247823	0	0	17865	0
MELA_0176	0	21079	0	0	7189	0	0	92823	379653	0	0	34895	0
MELA_0177	0	2204	0	0	2607	0	0	14892	52915	0	0	0	0
MELA_0181	0	11975	0	0	11552	0	0	49315	201098	0	0	3269	0
MELA_0182	0	3546	0	0	4573	0	0	35152	100541	0	0	2125	0
MELA_0186	0	9027	0	0	6594	0	0	52684	302216	0	0	13233	0
MELA_0195	0	1362	0	0	4393	0	0	17221	39448	0	0	16276	0
MELA_0209	0	18461	0	0	46738	0	0	80807	534679	0	0	3333	0
MELA_0218	0	4455	0	0	4578	0	0	45108	71091	0	0	0	0
MELA_0221	0	19017	0	0	18099	0	0	60995	187750	0	0	3817	0
MELA_0222	0	487	0	0	396	0	0	1574	9628	0	0	794	0
MELA_0227	0	36707	0	0	29460	0	0	85533	216992	0	0	2180	0
MELA_0247	0	60848	0	0	11122	0	0	211314	330461	0	0	3341	0
MELA_0251	0	12321	0	0	6934	0	0	64849	276213	0	0	0	0
MELA_0253	0	14492	0	0	7365	0	0	66326	679025	0	0	0	0
MELA_0260	0	18821	0	0	18201	0	0	131480	1385773	0	0	0	0
SP124394	0	0	0	0	1982	0	0	20425	83469	0	0	0	0
