Sample	SBS10a	SBS1	SBS3	SBS21	SBS26	SBS40	SBS9	SBS20	SBS15	SBS10b	SBS28	SBS6	SBS30	SBS13	SBS17a	SBS17b	SBS44	SBS5	SBS2
TCGA-AA-3510-01A-01D-1408-10	1572	261	0	0	0	0	0	0	0	1924	0	0	0	0	0	0	0	847	0
TCGA-AA-3984-01A-02D-1981-10	1672	65	0	0	0	0	0	0	979	3006	0	0	0	0	0	0	0	1892	0
TCGA-AA-A010-01A-01D-A17O-10	3833	266	0	0	0	0	0	0	1422	2721	0	0	0	0	0	0	0	3004	0
TCGA-AZ-4315-01A-01D-1408-10	2126	62	0	0	0	0	0	0	1397	3883	0	0	0	0	0	0	0	2331	0
TCGA-AG-3892-01A-01W-1073-09	1572	130	0	0	0	0	0	0	0	956	0	0	0	0	0	0	0	935	0
TCGA-AG-A002-01A-01W-A00K-09	8001	763	0	0	0	0	0	0	0	5936	0	0	0	0	0	0	0	2261	0
TCGA-EI-6917-01A-11D-1924-10	1558	681	0	0	0	0	0	0	0	4520	0	0	0	0	0	0	0	525	0
sysucc-1364T	8776	144	0	0	0	0	0	0	0	2983	3256	0	0	0	0	0	0	1460	0
sysucc-311T	3847	484	0	0	0	0	0	0	0	3071	3118	0	0	0	0	0	0	3639	0
sysucc-919T	8999	423	0	0	0	0	0	0	0	3513	3036	0	0	0	0	0	0	2639	0
587222	1010	94	0	0	0	0	0	0	0	964	0	0	0	0	0	0	0	216	0
587376	3350	249	0	0	0	0	0	0	0	2274	2374	0	0	0	0	0	0	1022	0
HT115	1077	0	0	0	0	0	0	0	1231	2226	474	0	0	0	0	0	0	1064	0
P100	220	28	0	0	0	0	0	0	106	162	0	0	0	0	0	0	0	42	0
T2269	933	255	0	0	0	0	0	0	469	1956	475	0	0	0	0	0	0	984	0
T578	1663	343	0	0	0	0	0	0	0	1447	546	0	0	0	0	0	0	383	0
TCGA-3L-AA1B-01A-11D-A36X-10	0	75	0	0	0	0	0	0	0	0	0	0	0	0	0	0	0	107	0
TCGA-4N-A93T-01A-11D-A36X-10	0	57	0	0	0	66	0	0	0	0	0	0	0	0	0	0	0	22	0
TCGA-4T-AA8H-01A-11D-A40P-10	0	77	0	0	0	0	0	0	0	0	0	0	0	0	0	0	0	104	0
TCGA-5M-AAT4-01A-11D-A40P-10	0	90	0	0	0	122	0	0	0	0	0	0	0	0	0	13	0	31	0
TCGA-5M-AAT5-01A-21D-A40P-10	0	57	0	0	0	0	0	0	0	0	0	0	0	0	0	0	0	71	0
TCGA-5M-AAT6-01A-11D-A40P-10	0	1104	0	0	0	0	0	0	0	0	0	0	0	0	0	0	805	629	0
TCGA-5M-AATA-01A-31D-A40P-10	0	54	0	0	0	0	0	0	0	0	0	0	0	0	0	0	0	66	0
TCGA-5M-AATE-01A-11D-A40P-10	0	85	0	0	0	76	0	0	0	0	0	0	0	0	0	0	0	28	0
TCGA-A6-2671-01A-01D-1408-10	0	44	0	0	0	43	0	0	0	0	0	0	0	0	0	0	0	0	0
TCGA-A6-2674-01A-02D-A270-10	0	83	0	0	0	104	0	0	0	0	0	0	0	0	0	0	0	0	0
TCGA-A6-2675-01A-02D-1719-10	0	86	0	0	0	44	0	0	0	0	0	0	0	0	0	0	0	17	0
TCGA-A6-2677-01A-01D-A270-10	0	79	0	0	0	0	0	0	0	0	0	0	0	0	0	0	0	122	0
TCGA-A6-2684-01A-01D-A270-10	0	73	0	0	0	0	0	0	0	0	0	0	0	0	0	0	0	77	0
TCGA-A6-2686-01A-01D-1408-10	0	934	0	0	0	0	0	0	0	0	0	0	0	0	0	0	1135	542	0
TCGA-A6-3808-01A-01W-0995-10	0	65	0	0	0	0	0	0	0	0	0	0	26	0	0	0	0	101	0
TCGA-A6-3809-01A-01D-A270-10	0	379	0	0	0	0	0	0	0	0	0	0	0	0	0	0	575	531	0
TCGA-A6-3810-01A-01D-A270-10	0	93	0	0	0	118	0	0	0	0	0	0	0	0	0	0	0	30	11
TCGA-A6-4105-01A-02D-1771-10	0	67	0	0	0	120	0	0	31	0	0	0	0	0	0	0	0	0	0
TCGA-A6-4107-01A-02D-1408-10	0	101	0	0	0	0	0	0	0	0	0	0	0	0	0	0	0	154	0
TCGA-A6-5656-01A-21D-A270-10	0	94	0	0	0	46	0	0	0	0	0	0	0	0	0	0	0	27	0
TCGA-A6-5657-01A-01D-1650-10	0	64	0	0	0	100	0	0	0	0	0	0	0	0	0	0	0	0	0
TCGA-A6-5659-01A-01D-A270-10	0	124	0	0	0	0	0	0	0	0	0	0	0	0	0	0	0	197	0
TCGA-A6-5660-01A-01D-1650-10	0	68	0	0	0	0	0	0	0	0	0	0	0	0	0	0	0	106	0
TCGA-A6-5661-01A-01D-1650-10	0	611	0	0	0	0	0	0	0	0	0	0	0	0	0	0	785	225	0
TCGA-A6-5662-01A-01D-1650-10	0	42	0	0	0	43	0	0	0	0	0	0	0	0	0	0	0	11	0
TCGA-A6-5665-01A-01D-1650-10	0	660	0	0	0	0	0	0	0	0	0	0	0	0	0	0	739	845	0
TCGA-A6-5666-01A-01D-1650-10	0	71	0	0	0	59	0	0	0	0	0	0	0	0	0	0	0	0	0
TCGA-A6-6137-01A-11D-1771-10	0	69	0	0	0	52	0	0	0	0	0	0	0	0	0	0	0	46	0
TCGA-A6-6138-01A-11D-1771-10	0	64	0	0	0	35	0	0	0	0	0	0	26	0	0	0	0	32	0
TCGA-A6-6142-01A-11D-1771-10	0	37	0	0	0	0	0	0	0	0	0	0	0	0	0	0	0	79	0
TCGA-A6-6649-01A-11D-1771-10	0	89	0	0	0	75	0	0	0	0	0	0	0	0	0	0	0	0	0
TCGA-A6-6651-01A-21D-1835-10	0	38	0	0	0	37	0	0	0	0	0	0	0	0	0	0	0	38	0
TCGA-A6-6652-01A-11D-1771-10	0	38	0	0	0	36	0	0	0	0	0	0	0	0	0	0	0	36	0
TCGA-A6-6653-01A-11D-1771-10	0	630	0	0	0	0	0	0	0	0	0	0	0	0	0	0	348	426	0
TCGA-A6-6654-01A-21D-1835-10	0	186	0	0	0	0	0	0	0	0	0	0	0	0	0	0	0	66	0
TCGA-A6-6780-01A-11D-A270-10	0	428	0	0	0	0	0	0	0	0	0	0	0	0	0	0	533	532	0
TCGA-A6-6781-01A-22D-A270-10	0	1420	0	0	0	0	0	0	0	0	0	0	0	0	0	0	765	317	0
TCGA-A6-6782-01A-11D-1835-10	0	61	0	0	0	120	0	0	0	0	0	0	0	0	0	0	0	11	0
TCGA-AA-3492-01A-01D-1408-10	0	692	0	0	0	0	0	0	355	0	0	0	0	0	0	0	793	858	0
TCGA-AA-3496-01A-21D-1835-10	0	68	0	0	0	42	0	31	0	0	0	0	0	0	0	0	0	51	0
TCGA-AA-3502-01A-01D-1408-10	0	118	0	0	0	0	0	0	0	0	0	0	0	0	0	0	0	125	0
TCGA-AA-3506-01A-01D-2188-10	0	106	0	0	0	0	0	0	0	0	0	0	0	0	0	0	0	107	0
TCGA-AA-3519-01A-02D-1953-10	0	13	0	0	0	0	0	0	0	0	0	0	0	0	0	0	0	14	0
TCGA-AA-3520-01A-01D-1953-10	0	20	0	0	0	0	0	0	0	0	0	0	0	0	0	0	0	11	0
TCGA-AA-3524-01A-02D-1953-10	0	11	0	0	0	0	0	0	0	0	0	0	0	0	0	0	0	0	0
TCGA-AA-3526-01A-02D-1953-10	0	17	0	0	0	0	0	0	0	0	0	0	0	0	0	0	0	0	0
TCGA-AA-3530-01A-01W-0995-10	0	56	0	0	0	38	0	0	0	0	0	0	0	0	0	0	0	20	0
TCGA-AA-3534-01A-01D-1953-10	0	22	0	0	0	0	0	0	0	0	0	0	0	0	0	0	0	12	0
TCGA-AA-3548-01A-01D-1953-10	0	16	0	0	0	0	0	0	0	0	0	0	0	0	0	0	0	11	0
TCGA-AA-3655-01A-02D-1719-10	0	49	0	0	0	0	0	0	0	0	0	0	0	0	0	0	0	59	0
TCGA-AA-3660-01A-01D-1719-10	0	88	0	0	0	45	0	0	0	0	0	0	0	0	0	0	0	45	0
TCGA-AA-3663-01A-01D-1719-10	0	334	0	0	0	0	0	287	0	0	0	0	0	0	0	0	844	903	0
TCGA-AA-3667-01A-01W-0900-09	0	12	0	0	0	0	0	0	27	0	0	0	0	0	0	0	0	63	0
TCGA-AA-3673-01A-01W-0900-09	0	48	0	0	0	44	0	0	0	0	0	0	0	0	0	0	0	0	0
TCGA-AA-3675-01A-02W-0900-09	0	67	0	0	0	54	0	0	0	0	0	0	0	0	0	0	0	10	0
TCGA-AA-3678-01A-01W-0900-09	0	36	0	0	0	0	0	0	0	0	0	0	0	0	0	0	0	47	0
TCGA-AA-3679-01A-02W-0900-09	0	43	0	0	0	48	0	0	0	0	0	0	0	0	0	0	0	0	0
TCGA-AA-3680-01A-01W-0900-09	0	70	0	0	0	0	0	0	0	0	0	0	0	0	0	0	0	78	0
TCGA-AA-3681-01A-01W-0900-09	0	74	0	0	0	66	0	0	0	0	0	0	0	0	0	0	0	0	0
TCGA-AA-3684-01A-02W-0900-09	0	64	0	0	0	54	0	0	0	0	0	0	0	0	0	0	0	46	15
TCGA-AA-3692-01A-01W-0900-09	0	31	0	0	0	0	0	0	0	0	0	0	0	0	0	0	0	52	0
TCGA-AA-3695-01A-01W-0900-09	0	105	0	0	0	76	0	0	0	0	0	0	0	0	0	0	0	32	0
TCGA-AA-3696-01A-01W-0900-09	0	50	0	0	0	45	0	0	0	0	0	0	0	0	0	0	0	20	0
TCGA-AA-3712-01A-21D-1719-10	0	38	0	0	0	78	0	0	0	0	0	0	0	49	0	0	0	0	32
TCGA-AA-3713-01A-21D-1719-10	0	280	0	0	0	0	0	0	405	0	0	0	0	0	0	0	0	538	0
TCGA-AA-3715-01A-01W-0900-09	0	226	0	0	0	0	0	0	515	0	0	0	0	0	0	0	645	1261	0
TCGA-AA-3811-01A-01W-0995-10	0	671	0	0	0	0	0	0	0	0	0	0	0	0	0	0	951	925	0
TCGA-AA-3812-01A-01W-0900-09	0	51	0	0	0	0	0	0	0	0	0	0	0	0	0	0	0	113	0
TCGA-AA-3814-01A-01W-0900-09	0	76	0	0	0	81	0	0	0	0	0	0	0	0	0	0	0	0	0
TCGA-AA-3815-01A-01W-0995-10	0	346	0	0	0	0	0	0	0	0	0	0	0	0	0	0	241	572	0
TCGA-AA-3818-01A-01W-0900-09	0	76	0	0	0	118	0	0	0	0	0	0	0	0	0	0	0	0	0
TCGA-AA-3819-01A-01W-0900-09	0	27	0	0	0	189	0	0	0	0	0	0	0	0	0	0	0	0	31
TCGA-AA-3821-01A-01W-0995-10	0	305	0	0	0	0	0	0	301	0	0	0	0	0	0	0	0	446	0
TCGA-AA-3831-01A-01W-0900-09	0	58	0	0	0	0	0	0	0	0	0	0	0	0	0	0	0	96	0
TCGA-AA-3833-01A-01W-0900-09	0	267	0	0	0	0	0	0	0	0	0	0	0	0	0	0	388	113	0
TCGA-AA-3837-01A-01W-0900-09	0	76	0	0	0	0	0	0	0	0	0	0	0	0	0	0	0	102	0
TCGA-AA-3841-01A-01W-0900-09	0	50	0	0	0	55	0	0	0	0	0	0	0	0	0	0	0	0	0
TCGA-AA-3842-01A-01W-0995-10	0	52	0	0	0	0	0	0	0	0	0	0	0	0	0	0	0	73	0
TCGA-AA-3845-01A-01W-0995-10	0	338	0	0	0	0	0	0	0	0	0	0	0	0	0	0	377	454	0
TCGA-AA-3846-01A-01W-0995-10	0	59	0	0	0	81	0	0	0	0	0	0	0	0	0	0	0	0	0
TCGA-AA-3848-01A-01W-0900-09	0	84	0	0	0	52	0	0	0	0	0	0	23	0	0	0	0	47	0
TCGA-AA-3850-01A-01W-0995-10	0	64	0	0	0	52	0	0	0	0	0	0	20	0	0	0	0	29	0
TCGA-AA-3851-01A-01W-0995-10	0	59	0	0	0	0	0	0	0	0	0	0	0	0	0	0	0	78	0
TCGA-AA-3852-01A-01W-0900-09	0	68	0	0	0	83	0	0	0	0	0	0	0	0	0	0	0	35	14
TCGA-AA-3854-01A-01W-0900-09	0	84	0	0	0	120	0	0	0	0	0	0	0	0	0	0	0	0	0
TCGA-AA-3855-01A-01W-0995-10	0	114	0	0	0	113	0	0	0	0	0	0	0	0	0	0	0	0	0
TCGA-AA-3856-01A-01W-0900-09	0	34	0	0	0	0	0	0	0	0	0	0	0	0	0	0	0	47	0
TCGA-AA-3858-01A-01W-0900-09	0	45	0	0	0	36	0	0	0	0	0	0	0	0	0	0	0	12	0
TCGA-AA-3861-01A-01W-0995-10	0	87	0	0	0	67	0	0	0	0	0	0	0	0	0	0	0	29	0
TCGA-AA-3862-01A-01W-0995-10	0	38	0	0	0	0	0	0	0	0	0	0	0	0	0	20	0	68	0
TCGA-AA-3864-01A-01D-1981-10	0	2058	0	0	0	0	0	0	0	0	0	0	0	0	0	0	1577	46	0
TCGA-AA-3866-01A-01W-0995-10	0	70	0	0	0	74	0	0	0	0	0	0	0	0	0	0	0	0	0
TCGA-AA-3875-01A-01W-0900-09	0	57	0	0	0	0	0	0	0	0	0	0	0	0	0	0	0	99	0
TCGA-AA-3877-01A-01W-0995-10	0	674	0	0	0	0	0	204	0	0	0	0	0	0	0	0	0	607	0
TCGA-AA-3947-01A-01D-1981-10	0	479	0	0	0	0	0	582	682	0	0	0	0	0	0	0	0	1234	0
TCGA-AA-3949-01A-01W-0995-10	0	133	0	0	0	0	0	0	904	0	0	0	0	0	0	0	0	587	0
TCGA-AA-3950-01A-02W-0995-10	0	38	0	0	0	0	0	0	0	0	0	0	0	0	0	0	90	64	0
TCGA-AA-3952-01A-01W-0995-10	0	39	0	0	0	56	0	0	0	0	0	0	24	0	0	0	0	26	0
TCGA-AA-3955-01A-02W-0995-10	0	41	0	0	0	76	37	0	0	0	0	0	0	15	0	0	0	11	0
TCGA-AA-3966-01A-01W-1073-09	0	280	0	0	0	0	0	188	215	0	0	0	0	0	0	0	0	699	0
TCGA-AA-3968-01A-01W-0995-10	0	70	0	0	0	103	0	0	0	0	0	0	0	0	0	0	0	0	0
TCGA-AA-3971-01A-01W-0995-10	0	38	0	0	0	0	0	0	0	0	0	0	0	11	0	0	0	64	0
TCGA-AA-3973-01A-01W-0995-10	0	33	0	0	0	0	0	0	0	0	0	0	0	0	0	0	0	88	0
TCGA-AA-3975-01A-01W-0995-10	0	47	0	0	0	0	0	0	0	0	0	0	0	0	0	13	0	128	0
TCGA-AA-3976-01A-01W-0995-10	0	53	0	0	0	52	0	0	0	0	0	0	0	0	0	0	0	22	0
TCGA-AA-3979-01A-01W-0995-10	0	51	0	0	0	94	0	0	0	0	0	0	0	0	0	0	0	38	0
TCGA-AA-3980-01A-02W-0995-10	0	50	0	0	0	49	0	0	0	0	0	0	0	0	0	0	0	23	0
TCGA-AA-3982-01A-02W-0995-10	0	62	0	0	0	102	0	0	0	0	0	0	0	0	0	0	0	0	0
TCGA-AA-3986-01A-02W-0995-10	0	61	0	0	0	0	0	0	0	0	0	0	0	0	0	0	0	75	0
TCGA-AA-3989-01A-01W-0995-10	0	72	0	0	0	77	0	0	0	0	0	0	0	0	0	0	0	0	0
TCGA-AA-A004-01A-01W-A00E-09	0	37	0	0	0	33	0	0	0	0	0	0	0	0	0	0	0	15	0
TCGA-AA-A017-01A-01W-A00E-09	0	26	0	0	0	0	0	0	0	0	0	0	0	0	0	0	0	30	16
TCGA-AA-A01C-01A-01W-A00E-09	0	41	0	0	0	52	0	0	0	0	0	0	0	0	0	0	0	13	0
TCGA-AA-A01I-01A-02W-A00E-09	0	57	0	0	0	0	0	0	0	0	0	0	0	0	0	0	0	84	0
TCGA-AA-A01P-01A-21D-A17O-10	0	412	0	0	0	0	0	0	0	0	0	0	0	0	0	0	403	295	0
TCGA-AA-A01R-01A-21D-A17O-10	0	1380	0	0	0	0	0	0	0	0	0	0	0	0	0	0	736	426	0
TCGA-AA-A01Z-01A-11W-A096-10	0	57	0	0	0	0	0	0	0	0	0	0	0	0	0	0	0	62	0
TCGA-AA-A022-01A-21D-A17O-10	0	719	0	0	0	0	0	0	292	0	0	0	0	0	0	0	477	447	0
TCGA-AA-A024-01A-02W-A00E-09	0	46	0	0	0	33	0	0	0	0	0	0	0	0	0	0	0	25	12
TCGA-AA-A02E-01A-01W-A00E-09	0	61	0	0	0	114	0	0	0	0	0	0	0	0	0	0	0	31	0
TCGA-AA-A02K-01A-21W-A096-10	0	55	0	0	0	61	0	0	0	0	0	0	0	0	0	0	0	59	0
TCGA-AA-A02R-01A-01W-A00E-09	0	328	0	0	0	0	0	0	0	0	0	0	0	0	0	0	488	543	0
TCGA-AA-A02W-01A-01W-A00E-09	0	40	0	0	0	0	0	0	0	0	0	0	0	0	0	0	0	87	0
TCGA-AA-A03F-01A-11W-A096-10	0	80	0	0	0	0	0	0	0	0	0	0	0	0	0	0	0	99	0
TCGA-AA-A03J-01A-21W-A096-10	0	52	0	0	0	48	0	0	0	0	0	0	0	0	0	0	0	32	0
TCGA-AD-5900-01A-11D-1650-10	0	484	0	0	0	0	0	400	390	0	0	0	0	0	0	0	0	650	0
TCGA-AD-6548-01A-11D-1835-10	0	64	0	0	0	0	0	0	0	0	0	0	0	0	0	0	0	110	0
TCGA-AD-6888-01A-11D-1924-10	0	76	0	0	0	0	0	0	0	0	0	0	0	0	0	0	0	71	0
TCGA-AD-6889-01A-11D-1924-10	0	608	0	0	0	0	0	0	0	0	0	0	0	0	0	0	1017	471	0
TCGA-AD-6890-01A-11D-1924-10	0	86	0	0	0	61	0	0	0	0	0	0	0	0	0	0	0	0	0
TCGA-AD-6895-01A-11D-1924-10	0	446	0	0	0	0	0	0	444	0	0	0	0	0	0	0	0	1317	0
TCGA-AD-6899-01A-11D-1924-10	0	97	0	0	0	0	0	0	0	0	0	0	0	10	0	0	0	96	12
TCGA-AD-6901-01A-11D-1924-10	0	119	0	0	0	134	0	0	0	0	0	0	0	0	0	0	0	85	0
TCGA-AD-6963-01A-11D-1924-10	0	47	0	0	0	34	0	0	0	0	0	0	0	0	0	0	0	35	0
TCGA-AD-6965-01A-11D-1924-10	0	71	0	0	0	0	0	0	0	0	0	0	0	0	0	0	0	93	0
TCGA-AD-A5EJ-01A-11D-A28G-10	0	512	0	0	0	0	0	0	0	0	0	0	0	0	0	0	828	428	0
TCGA-AM-5820-01A-01D-1650-10	0	52	0	0	0	0	0	0	0	0	0	0	0	0	0	0	0	52	0
TCGA-AM-5821-01A-01D-1650-10	0	285	0	0	0	0	0	243	484	0	0	0	0	0	0	0	0	601	0
TCGA-AU-3779-01A-01D-1719-10	0	65	0	0	0	78	0	0	0	0	0	0	0	0	0	0	0	0	0
TCGA-AU-6004-01A-11D-1719-10	0	499	0	0	0	0	0	0	0	0	0	0	0	0	0	0	360	325	0
TCGA-AY-5543-01A-01D-1650-10	0	54	0	0	0	0	0	0	0	0	0	0	0	0	0	0	0	115	0
TCGA-AY-6196-01A-11D-1719-10	0	59	0	0	0	210	0	0	0	0	0	0	0	0	0	0	0	41	0
TCGA-AY-6197-01A-11D-1719-10	0	249	0	0	0	0	0	0	0	0	0	0	0	0	0	0	497	590	0
TCGA-AY-6386-01A-21D-1719-10	0	68	0	0	0	0	0	0	0	0	0	0	0	0	0	0	0	81	0
TCGA-AY-A69D-01A-11D-A36X-10	0	115	0	0	0	114	0	0	0	0	0	0	0	0	0	0	0	51	0
TCGA-AY-A71X-01A-12D-A36X-10	0	67	0	0	0	0	0	0	0	0	0	0	0	0	0	0	0	53	0
TCGA-AY-A8YK-01A-11D-A40P-10	0	33	0	0	0	0	0	0	0	0	0	0	0	0	0	0	0	64	0
TCGA-AZ-4614-01A-01D-1408-10	0	97	0	0	0	105	0	0	0	0	0	0	0	0	0	20	0	42	0
TCGA-AZ-4615-01A-01D-1408-10	0	291	0	0	0	0	0	209	0	0	0	0	0	0	0	0	0	479	0
TCGA-AZ-4616-01A-21D-1835-10	0	49	0	0	0	0	0	0	0	0	0	0	0	0	0	0	0	82	0
TCGA-AZ-4681-01A-01D-1408-10	0	45	0	0	0	38	0	0	0	0	0	0	0	0	0	0	0	24	0
TCGA-AZ-4682-01B-01D-1408-10	0	57	0	0	0	24	0	0	0	0	0	0	0	0	0	0	0	25	0
TCGA-AZ-5407-01A-01D-1719-10	0	70	0	0	0	46	0	0	0	0	0	0	0	0	0	0	0	13	0
TCGA-AZ-6598-01A-11D-1771-10	0	623	0	0	0	0	0	0	707	0	0	0	0	0	0	0	738	673	0
TCGA-AZ-6599-01A-11D-1771-10	0	75	0	0	0	0	0	0	0	0	0	0	233	0	0	0	0	34	72
TCGA-AZ-6600-01A-11D-1771-10	0	67	0	0	0	81	0	0	0	0	0	0	0	0	0	0	0	30	0
TCGA-AZ-6603-01A-11D-1835-10	0	46	0	0	0	0	0	0	0	0	0	0	0	0	0	0	0	57	0
TCGA-AZ-6605-01A-11D-1835-10	0	52	0	0	0	0	0	0	0	0	0	0	0	0	0	0	0	119	0
TCGA-AZ-6606-01A-11D-1835-10	0	86	0	0	0	0	0	0	0	0	0	0	0	0	12	0	0	85	11
TCGA-CA-5254-01A-21D-1835-10	0	111	0	0	0	116	0	0	0	0	0	0	0	0	0	0	0	42	0
TCGA-CA-5255-01A-11D-1835-10	0	28	0	0	0	0	0	0	0	0	0	0	0	0	0	0	0	47	0
TCGA-CA-5256-01A-01D-1408-10	0	48	0	0	0	0	0	0	0	0	0	0	0	0	0	0	0	58	0
TCGA-CA-5796-01A-01D-1650-10	0	41	0	0	0	0	0	0	0	0	0	0	0	0	0	0	0	56	0
TCGA-CA-6716-01A-11D-1835-10	0	121	0	0	0	93	0	0	0	0	0	0	0	0	0	0	0	0	0
TCGA-CA-6719-01A-11D-1835-10	0	74	0	0	0	0	0	0	0	0	0	0	0	0	0	0	0	88	0
TCGA-CK-4947-01B-11D-1650-10	0	60	44	0	0	0	0	0	0	0	0	0	0	0	0	0	0	19	0
TCGA-CK-4948-01B-11D-1650-10	0	67	0	0	0	77	0	0	0	0	0	0	0	0	0	0	0	0	0
TCGA-CK-4950-01A-01D-1719-10	0	76	0	0	0	117	0	0	0	0	0	0	0	0	0	0	0	38	0
TCGA-CK-4951-01A-01D-1408-10	0	444	0	0	0	0	0	0	1511	0	0	0	1492	0	0	0	0	2995	0
TCGA-CK-4952-01A-01D-1719-10	0	103	0	0	0	76	0	0	0	0	0	0	29	0	0	0	0	0	0
TCGA-CK-5912-01A-11D-1650-10	0	38	0	0	0	42	0	0	0	0	0	0	0	0	0	0	0	0	0
TCGA-CK-5913-01A-11D-1650-10	0	414	0	0	0	0	0	217	0	0	0	0	0	0	0	0	0	430	0
TCGA-CK-5914-01A-11D-1650-10	0	74	0	0	0	0	0	0	0	0	0	0	0	0	0	0	0	119	0
TCGA-CK-5915-01A-11D-1650-10	0	81	0	0	0	0	0	0	0	0	0	0	0	0	0	0	0	52	0
TCGA-CK-5916-01A-11D-1650-10	0	664	0	0	0	0	0	0	0	0	0	0	0	0	0	0	691	478	0
TCGA-CK-6746-01A-11D-1835-10	0	354	0	0	0	0	0	0	0	0	0	0	0	0	0	0	631	481	0
TCGA-CK-6747-01A-11D-1835-10	0	102	0	0	0	42	0	0	0	0	0	0	0	0	0	0	0	29	0
TCGA-CK-6748-01A-11D-1835-10	0	37	0	0	0	50	0	0	0	0	0	0	0	0	0	0	0	0	0
TCGA-CK-6751-01A-11D-1835-10	0	75	0	0	0	0	0	0	25	0	0	0	0	0	0	0	0	134	0
TCGA-CM-4743-01A-01D-1719-10	0	489	0	0	0	0	0	0	0	0	0	0	0	0	0	0	517	426	0
TCGA-CM-4744-01A-01D-1408-10	0	95	0	0	0	67	0	0	0	0	0	0	0	0	0	0	0	39	0
TCGA-CM-4746-01A-01D-1408-10	0	464	0	0	0	0	0	0	218	0	0	0	0	0	0	0	0	272	0
TCGA-CM-4747-01A-01D-1408-10	0	75	0	0	0	53	0	0	0	0	0	0	0	0	0	0	0	11	0
TCGA-CM-4748-01A-01D-1408-10	0	34	0	0	0	39	0	0	0	0	0	0	0	0	0	0	0	22	0
TCGA-CM-4750-01A-01D-1408-10	0	53	0	0	0	64	0	0	0	0	0	0	0	0	0	0	0	0	0
TCGA-CM-4751-01A-02D-1835-10	0	70	0	0	0	0	0	0	0	0	0	0	0	0	0	0	0	60	0
TCGA-CM-4752-01A-01D-1408-10	0	83	0	0	0	0	0	0	0	0	0	0	0	0	0	0	0	96	0
TCGA-CM-5341-01A-01D-1408-10	0	92	0	0	0	110	0	0	0	0	0	0	0	0	0	0	0	0	0
TCGA-CM-5344-01A-21D-1719-10	0	51	0	0	0	50	0	0	0	0	0	0	0	0	0	0	0	0	0
TCGA-CM-5348-01A-21D-1719-10	0	112	0	0	0	112	0	0	0	0	0	0	0	0	0	0	0	28	0
TCGA-CM-5349-01A-21D-1719-10	0	73	0	0	0	0	0	0	0	0	0	0	0	0	0	0	0	73	0
TCGA-CM-5860-01A-01D-1650-10	0	73	0	0	0	0	0	0	0	0	0	0	0	0	0	0	0	87	0
TCGA-CM-5861-01A-01D-1650-10	0	331	0	0	0	0	0	0	0	0	0	0	0	0	0	0	786	720	0
TCGA-CM-5862-01A-01D-1650-10	0	69	0	0	0	57	0	0	0	0	0	0	0	0	0	0	0	12	0
TCGA-CM-5863-01A-21D-1835-10	0	37	0	0	0	0	0	0	0	0	0	0	0	0	0	0	0	53	0
TCGA-CM-5864-01A-01D-1650-10	0	71	0	0	0	135	0	0	0	0	0	0	0	0	0	0	0	58	0
TCGA-CM-5868-01A-01D-1650-10	0	36	0	0	0	0	0	0	0	0	0	0	0	0	0	0	0	92	0
TCGA-CM-6161-01A-11D-1650-10	0	57	0	0	0	0	0	0	0	0	0	0	0	0	0	0	0	81	0
TCGA-CM-6162-01A-11D-1650-10	0	1082	0	0	0	0	0	0	0	0	0	0	0	0	0	0	0	326	0
TCGA-CM-6163-01A-11D-1650-10	0	61	0	0	0	0	0	0	0	0	0	0	0	0	0	0	0	81	0
TCGA-CM-6167-01A-11D-1650-10	0	45	0	0	0	0	0	0	0	0	0	0	0	0	0	0	0	62	0
TCGA-CM-6168-01A-11D-1650-10	0	94	0	0	0	0	0	34	0	0	0	0	0	0	0	0	0	166	0
TCGA-CM-6169-01A-11D-1650-10	0	65	0	0	0	73	0	0	0	0	0	0	0	0	0	0	0	0	0
TCGA-CM-6171-01A-11D-1650-10	0	657	0	0	0	0	0	0	0	0	0	0	0	0	0	0	430	419	0
TCGA-CM-6172-01A-11D-1650-10	0	58	0	0	0	0	0	0	0	0	0	0	0	0	0	0	0	86	0
TCGA-CM-6674-01A-11D-1835-10	0	516	0	0	0	0	0	0	0	0	0	0	0	0	0	0	347	221	0
TCGA-CM-6676-01A-11D-1835-10	0	62	0	0	0	0	0	0	0	0	0	0	0	0	0	0	0	84	0
TCGA-CM-6677-01A-11D-1835-10	0	92	0	0	0	59	0	0	0	0	0	0	0	0	0	0	0	34	0
TCGA-CM-6678-01A-11D-1835-10	0	88	0	0	0	0	0	0	0	0	0	0	0	0	0	0	0	96	0
TCGA-CM-6680-01A-11D-1835-10	0	55	0	0	0	0	0	0	0	0	0	0	0	0	0	0	0	72	0
TCGA-D5-5537-01A-21D-1924-10	0	61	0	0	0	0	0	0	0	0	0	0	0	0	0	0	0	82	0
TCGA-D5-5538-01A-01D-1650-10	0	54	0	0	0	0	0	0	0	0	0	0	0	0	0	0	0	113	0
TCGA-D5-5539-01A-01D-1650-10	0	69	0	0	0	76	0	0	0	0	0	0	0	0	0	0	0	0	0
TCGA-D5-5540-01A-01D-1650-10	0	90	0	0	0	85	0	0	0	0	0	0	0	0	0	0	0	0	0
TCGA-D5-5541-01A-01D-1650-10	0	39	0	0	0	0	0	0	0	0	0	0	0	0	0	0	0	52	0
TCGA-D5-6529-01A-11D-1771-10	0	72	0	0	0	0	0	0	0	0	0	0	0	0	0	0	0	75	0
TCGA-D5-6530-01A-11D-1719-10	0	551	0	0	0	0	0	0	0	0	0	0	0	0	0	0	448	247	0
TCGA-D5-6531-01A-11D-1719-10	0	118	0	0	0	82	0	0	0	0	0	0	0	0	0	0	0	53	0
TCGA-D5-6532-01A-11D-1719-10	0	62	0	0	0	0	0	0	0	0	0	0	0	10	0	0	0	79	16
TCGA-D5-6533-01A-11D-1719-10	0	65	0	0	0	124	0	0	0	0	0	0	0	0	0	0	0	33	0
TCGA-D5-6534-01A-21D-1924-10	0	69	0	0	0	137	0	0	0	0	0	0	0	0	0	0	0	0	0
TCGA-D5-6535-01A-11D-1719-10	0	67	0	0	0	151	0	0	0	0	0	0	0	0	0	0	0	0	10
TCGA-D5-6536-01A-11D-1719-10	0	60	0	0	0	45	0	0	0	0	0	0	0	0	0	0	0	30	0
TCGA-D5-6537-01A-11D-1719-10	0	78	0	0	0	63	0	0	0	0	0	0	0	0	0	0	0	0	0
TCGA-D5-6538-01A-11D-1719-10	0	92	0	0	0	0	0	0	0	0	0	0	0	0	0	0	0	93	0
TCGA-D5-6539-01A-11D-1719-10	0	45	0	0	0	71	0	0	0	0	0	0	0	0	0	0	0	10	0
TCGA-D5-6540-01A-11D-1719-10	0	369	0	0	0	0	0	241	504	0	0	0	0	0	0	0	0	424	0
TCGA-D5-6541-01A-11D-1719-10	0	68	0	0	0	0	0	0	0	0	0	0	0	0	0	0	0	49	0
TCGA-D5-6898-01A-11D-1924-10	0	46	0	0	0	54	0	0	0	0	0	0	0	0	0	0	0	0	0
TCGA-D5-6920-01A-11D-1924-10	0	74	0	0	0	64	0	0	0	0	0	0	0	0	0	0	0	14	0
TCGA-D5-6922-01A-11D-1924-10	0	64	0	0	0	0	0	0	0	0	0	0	0	0	0	0	0	86	0
TCGA-D5-6924-01A-11D-1924-10	0	79	0	0	0	122	0	0	0	0	0	0	0	0	0	0	0	0	0
TCGA-D5-6926-01A-11D-1924-10	0	57	0	0	0	55	0	0	0	0	0	0	0	0	0	0	0	51	0
TCGA-D5-6927-01A-21D-1924-10	0	237	0	0	0	0	0	0	0	0	0	0	0	0	0	0	329	249	0
TCGA-D5-6928-01A-11D-1924-10	0	421	0	0	0	0	0	361	742	0	0	0	0	0	0	0	0	575	0
TCGA-D5-6929-01A-31D-1924-10	0	45	0	0	0	59	0	0	0	0	0	0	0	0	0	0	0	44	0
TCGA-D5-6930-01A-11D-1924-10	0	242	0	0	0	0	0	0	889	0	0	0	0	0	0	0	0	464	0
TCGA-D5-6931-01A-11D-1924-10	0	83	0	0	0	0	0	0	0	0	0	0	0	0	36	78	0	222	0
TCGA-D5-6932-01A-11D-1924-10	0	45	78	0	0	0	42	0	0	0	0	0	0	0	0	0	0	0	0
TCGA-D5-7000-01A-11D-1924-10	0	73	0	0	0	77	0	0	0	0	0	0	0	0	0	0	0	0	0
TCGA-DM-A0X9-01A-11D-A152-10	0	80	0	0	0	0	0	0	0	0	0	0	0	0	0	0	0	158	0
TCGA-DM-A0XD-01A-12D-A152-10	0	90	0	0	0	0	0	0	0	0	0	0	0	0	0	0	0	141	0
TCGA-DM-A1D0-01A-11D-A152-10	0	55	0	0	0	98	0	0	0	0	0	0	0	0	0	0	0	0	0
TCGA-DM-A1D4-01A-21D-A152-10	0	116	0	0	0	73	0	0	0	0	0	0	0	0	0	0	0	51	0
TCGA-DM-A1D6-01A-21D-A152-10	0	76	0	0	0	81	0	0	0	0	0	0	0	0	0	0	0	0	0
TCGA-DM-A1D7-01A-11D-A152-10	0	69	0	0	0	127	0	0	0	0	0	0	0	0	0	0	0	0	0
TCGA-DM-A1D8-01A-11D-A152-10	0	69	0	0	0	128	0	0	0	0	0	0	0	0	0	0	0	34	0
TCGA-DM-A1D9-01A-11D-A152-10	0	48	0	0	0	84	0	0	0	0	0	0	0	0	0	0	0	45	0
TCGA-DM-A1DA-01A-11D-A152-10	0	93	0	0	0	256	0	0	25	0	0	0	0	0	0	0	0	0	0
TCGA-DM-A1DB-01A-11D-A152-10	0	33	0	0	0	0	0	0	0	0	0	0	0	0	0	0	0	69	0
TCGA-DM-A1HA-01A-11D-A152-10	0	92	0	0	0	99	0	0	0	0	0	0	0	0	0	0	0	0	0
TCGA-DM-A1HB-01A-21D-A183-10	0	359	0	0	0	0	0	0	0	0	0	0	0	0	0	0	497	631	0
TCGA-DM-A280-01A-12D-A16V-10	0	62	0	0	0	54	0	0	0	0	0	0	0	0	14	25	0	28	0
TCGA-DM-A282-01A-12D-A16V-10	0	63	0	0	0	49	0	0	0	0	0	0	0	0	0	0	0	30	0
TCGA-DM-A285-01A-11D-A16V-10	0	63	0	0	0	115	0	0	0	0	0	0	0	0	0	0	0	57	0
TCGA-DM-A288-01A-11D-A16V-10	0	47	0	0	0	64	0	0	0	0	0	0	0	0	0	0	0	0	0
TCGA-DM-A28A-01A-21D-A16V-10	0	76	0	0	0	89	0	0	0	0	0	0	0	0	0	0	0	30	0
TCGA-DM-A28C-01A-11D-A16V-10	0	60	0	0	0	69	0	0	0	0	0	0	0	0	0	0	0	11	0
TCGA-DM-A28E-01A-11D-A16V-10	0	42	0	0	0	0	0	0	0	0	0	0	0	0	0	0	0	82	0
TCGA-DM-A28F-01A-11D-A16V-10	0	70	0	0	0	142	0	0	20	0	0	0	0	0	0	28	0	73	0
TCGA-DM-A28G-01A-11D-A16V-10	0	59	0	0	0	0	0	0	0	0	0	0	0	0	0	0	0	112	0
TCGA-DM-A28H-01A-11D-A16V-10	0	57	0	0	0	110	0	0	0	0	0	0	0	0	0	0	0	0	0
TCGA-DM-A28K-01A-21D-A16V-10	0	76	0	0	0	74	0	0	0	0	0	0	0	0	0	0	0	0	0
TCGA-DM-A28M-01A-12D-A16V-10	0	65	0	0	0	0	0	0	0	0	0	0	0	0	0	0	0	73	0
TCGA-F4-6459-01A-11D-1771-10	0	42	0	0	0	0	0	0	0	0	0	0	0	13	0	0	0	101	10
TCGA-F4-6460-01A-11D-1771-10	0	56	0	0	0	72	0	0	0	0	0	0	0	0	0	0	0	76	0
TCGA-F4-6461-01A-11D-1771-10	0	70	0	0	0	0	0	0	0	0	0	0	0	0	0	0	0	128	0
TCGA-F4-6463-01A-11D-1719-10	0	57	0	0	0	0	0	0	0	0	0	0	0	0	0	0	0	40	0
TCGA-F4-6569-01A-11D-1771-10	0	57	0	0	0	79	0	0	0	0	0	0	0	0	0	15	0	0	0
TCGA-F4-6570-01A-11D-1771-10	0	533	0	0	0	0	0	0	189	0	0	0	0	0	0	0	636	727	0
TCGA-F4-6703-01A-11D-1835-10	0	113	0	0	0	0	0	92	144	0	0	0	0	0	0	0	0	321	0
TCGA-F4-6805-01A-11D-1835-10	0	34	0	0	0	0	0	0	0	0	0	0	0	0	0	0	0	65	0
TCGA-F4-6806-01A-11D-1835-10	0	71	0	0	0	55	0	0	0	0	0	0	0	0	0	0	0	25	0
TCGA-F4-6808-01A-11D-1835-10	0	79	0	0	0	73	0	0	0	0	0	0	0	0	0	0	0	40	0
TCGA-F4-6854-01A-11D-1924-10	0	43	0	0	0	58	0	0	0	0	0	0	0	0	0	0	0	46	0
TCGA-F4-6855-01A-11D-1924-10	0	65	0	0	0	84	0	0	0	0	0	0	0	0	0	0	0	0	0
TCGA-F4-6856-01A-11D-1924-10	0	193	0	0	0	0	0	0	646	0	0	0	0	0	0	0	0	392	0
TCGA-G4-6293-01A-11D-1719-10	0	53	0	0	0	0	0	0	0	0	0	0	0	0	0	0	0	102	0
TCGA-G4-6294-01A-11D-1806-10	0	41	0	0	0	139	0	0	25	0	0	0	0	0	0	0	0	0	0
TCGA-G4-6295-01A-11D-1719-10	0	63	0	0	0	105	0	0	0	0	0	0	0	0	0	0	0	38	0
TCGA-G4-6297-01A-11D-1719-10	0	64	0	0	0	30	0	0	0	0	0	0	0	0	0	0	0	32	0
TCGA-G4-6298-01A-11D-1719-10	0	71	0	0	0	49	0	0	0	0	0	0	0	0	0	0	0	0	0
TCGA-G4-6299-01A-11D-1771-10	0	50	0	0	0	0	0	0	0	0	0	0	0	0	0	0	0	168	0
TCGA-G4-6302-01A-11D-1719-10	0	372	0	0	0	0	0	0	0	0	0	0	0	0	0	0	468	354	0
TCGA-G4-6303-01A-11D-1771-10	0	73	0	0	0	42	0	0	0	0	0	0	0	0	0	0	0	20	0
TCGA-G4-6304-01A-11D-1924-10	0	312	0	0	0	0	0	0	213	0	0	0	0	0	0	0	300	387	0
TCGA-G4-6306-01A-11D-1771-10	0	76	0	0	0	58	0	0	0	0	0	0	0	0	0	0	0	16	0
TCGA-G4-6309-01A-21D-1835-10	0	535	0	0	0	0	0	0	0	0	0	0	0	0	0	0	238	212	0
TCGA-G4-6311-01A-11D-1719-10	0	68	0	0	0	79	0	0	0	0	0	0	0	0	0	0	0	60	0
TCGA-G4-6315-01A-11D-1719-10	0	88	0	0	0	111	0	0	0	0	0	0	0	0	0	0	0	0	0
TCGA-G4-6317-01A-11D-1719-10	0	67	0	0	0	0	0	0	0	0	0	0	0	0	0	0	0	76	0
TCGA-G4-6317-02A-11D-2067-10	0	61	0	0	0	86	0	0	0	0	0	0	0	0	0	0	0	35	0
TCGA-G4-6320-01A-11D-1719-10	0	696	0	0	0	0	0	246	0	0	0	0	0	0	0	0	0	500	0
TCGA-G4-6321-01A-11D-1719-10	0	55	0	0	0	50	0	0	0	0	0	0	0	0	0	0	0	0	0
TCGA-G4-6322-01A-11D-1719-10	0	50	0	0	0	0	0	0	0	0	0	0	0	0	0	0	0	76	0
TCGA-G4-6323-01A-11D-1719-10	0	53	0	0	0	0	0	0	0	0	0	0	0	0	0	0	0	87	0
TCGA-G4-6586-01A-11D-1771-10	0	549	0	0	0	0	0	0	0	0	0	0	0	0	0	0	412	430	0
TCGA-G4-6588-01A-11D-1771-10	0	688	0	0	0	0	0	0	0	0	0	0	0	0	0	0	1260	656	0
TCGA-G4-6626-01A-11D-1771-10	0	91	0	0	0	0	0	0	0	0	0	0	0	0	0	0	0	103	0
TCGA-G4-6627-01A-11D-2188-10	0	67	0	0	0	67	0	0	0	0	0	0	0	0	0	0	0	0	0
TCGA-G4-6628-01A-11D-1835-10	0	531	0	0	0	0	0	0	350	0	0	0	0	0	0	0	1152	405	0
TCGA-NH-A50U-01A-33D-A36X-10	0	49	0	0	0	0	0	0	0	0	0	0	0	0	0	0	0	70	0
TCGA-NH-A5IV-01A-42D-A36X-10	0	1102	0	0	0	0	0	0	0	0	0	0	0	0	0	0	1283	687	0
TCGA-NH-A6GA-01A-11D-A36X-10	0	56	0	0	0	58	0	0	0	0	0	0	0	0	0	0	0	21	0
TCGA-NH-A6GB-01A-11D-A36X-10	0	103	0	0	0	117	0	0	0	0	0	0	0	0	0	0	0	16	0
TCGA-NH-A6GC-01A-12D-A40P-10	0	68	0	0	0	94	0	0	0	0	0	0	0	0	0	0	0	0	0
TCGA-NH-A8F7-01A-11D-A40P-10	0	68	0	0	0	95	0	0	0	0	0	0	0	0	0	0	0	0	0
TCGA-NH-A8F7-06A-31D-A40P-10	0	68	0	0	0	59	0	0	0	0	0	0	0	0	0	0	0	25	0
TCGA-NH-A8F8-01A-72D-A40P-10	0	74	0	0	0	57	0	0	0	0	0	0	0	0	0	0	0	32	0
TCGA-QG-A5Z1-01A-11D-A28G-10	0	70	0	0	0	40	0	0	0	0	0	0	0	0	0	0	0	25	0
TCGA-QG-A5Z2-01A-11D-A28G-10	0	500	0	0	0	0	0	0	0	0	0	0	0	0	0	0	506	302	0
TCGA-QL-A97D-01A-12D-A40P-10	0	89	0	0	0	0	0	0	34	0	0	0	0	0	0	0	0	212	0
TCGA-RU-A8FL-01A-11D-A36X-10	0	41	0	0	0	68	0	0	29	0	0	0	0	0	0	0	0	71	0
TCGA-SS-A7HO-01A-21D-A36X-10	0	89	0	0	0	130	0	0	0	0	0	0	0	0	0	0	0	0	0
TCGA-T9-A92H-01A-11D-A36X-10	0	81	0	0	0	177	0	0	0	0	0	0	0	0	0	0	0	0	0
TCGA-WS-AB45-01A-11D-A40P-10	0	1924	0	0	0	0	0	0	0	0	0	0	0	0	0	0	886	572	0
TCGA-AF-2687-01A-02D-1733-10	0	52	0	0	0	0	0	0	0	0	0	0	0	0	0	0	0	88	0
TCGA-AF-2690-01A-02D-1733-10	0	54	0	0	0	47	0	0	0	0	0	0	0	0	0	0	0	0	0
TCGA-AF-2692-01A-01D-1989-10	0	15	0	0	0	0	0	0	0	0	0	0	0	0	0	0	0	0	0
TCGA-AF-2693-01A-02D-1733-10	0	46	0	0	0	48	0	0	0	0	0	0	15	0	0	0	0	27	0
TCGA-AF-3400-01A-01D-1989-10	0	10	0	0	0	0	0	0	0	0	0	0	0	0	0	0	0	0	0
TCGA-AF-3911-01A-01D-1733-10	0	48	0	0	0	79	0	0	0	0	0	0	0	0	0	0	0	0	0
TCGA-AF-3914-01A-01W-1073-09	0	29	0	0	0	0	0	0	0	0	0	0	28	0	12	27	0	79	0
TCGA-AF-5654-01A-01D-1657-10	0	72	0	0	0	0	0	0	0	0	0	0	0	0	0	0	0	111	0
TCGA-AF-6136-01A-11D-1826-10	0	99	0	0	0	54	0	0	0	0	0	0	0	0	0	0	0	19	0
TCGA-AF-6655-01A-11D-1826-10	0	37	0	0	0	0	0	0	0	0	0	0	0	0	0	0	0	56	0
TCGA-AF-A56K-01A-32D-A38X-10	0	59	0	0	0	61	0	0	0	0	0	0	0	0	0	0	0	12	0
TCGA-AF-A56L-01A-31D-A38X-10	0	88	0	0	0	89	0	0	0	0	0	0	0	0	0	0	0	0	0
TCGA-AF-A56N-01A-12D-A38X-10	0	60	0	0	0	119	0	0	0	0	0	0	0	0	0	0	0	31	0
TCGA-AG-3591-01A-01D-1733-10	0	48	0	0	0	0	0	0	0	0	0	0	0	0	0	0	0	64	0
TCGA-AG-3592-01A-02D-1733-10	0	174	0	0	0	158	0	0	0	0	0	0	0	0	0	0	0	28	0
TCGA-AG-3725-01A-11D-1733-10	0	48	0	0	0	0	0	0	0	0	0	0	0	0	0	0	0	81	0
TCGA-AG-3726-01A-02W-0899-10	0	52	0	0	0	117	0	0	0	0	0	0	0	0	0	0	0	15	0
TCGA-AG-3731-01A-11D-1733-10	0	87	0	0	0	66	0	0	0	0	0	0	0	0	0	0	0	44	0
TCGA-AG-3732-01A-11D-1657-10	0	56	0	0	0	0	0	0	0	0	0	0	0	0	0	0	0	43	0
TCGA-AG-3742-01A-11D-1657-10	0	95	0	0	0	0	0	0	0	0	0	0	0	0	0	0	0	90	0
TCGA-AG-3878-01A-02W-0899-10	0	47	0	0	0	49	0	0	0	0	0	0	0	0	0	0	0	30	0
TCGA-AG-3881-01A-01W-0899-10	0	56	0	0	0	96	0	0	0	0	0	0	0	0	0	0	0	13	10
TCGA-AG-3882-01A-01W-0899-10	0	33	0	0	0	0	0	0	0	0	0	0	0	0	0	0	0	72	0
TCGA-AG-3883-01A-02W-0899-10	0	74	0	0	0	84	0	0	0	0	0	0	0	0	0	0	0	12	0
TCGA-AG-3891-01A-01W-1073-09	0	27	0	0	288	0	0	0	188	0	0	0	0	0	0	0	0	176	0
TCGA-AG-3893-01A-01W-1073-09	0	55	0	0	0	110	0	0	0	0	0	0	0	0	0	0	0	0	0
TCGA-AG-3894-01A-01W-1073-09	0	45	0	0	0	0	0	0	0	0	0	0	0	0	0	0	0	91	0
TCGA-AG-3898-01A-01W-1073-09	0	57	0	0	0	78	0	0	0	0	0	0	21	0	0	0	0	0	0
TCGA-AG-3902-01A-01W-1073-09	0	41	0	0	0	0	66	0	0	0	0	0	0	0	0	0	0	54	0
TCGA-AG-3909-01A-01W-1073-09	0	32	0	0	0	0	0	0	0	0	0	0	0	0	0	0	0	62	0
TCGA-AG-4001-01A-02W-1073-09	0	65	0	0	0	46	0	0	0	0	0	0	0	0	0	0	0	37	0
TCGA-AG-4021-01A-01D-1733-10	0	67	0	0	0	0	0	0	0	0	0	0	0	0	0	0	0	128	0
TCGA-AG-4022-01A-01D-1733-10	0	59	0	0	0	43	0	0	0	0	0	0	0	0	0	0	0	16	0
TCGA-AG-A008-01A-01W-A00K-09	0	34	0	0	0	23	0	0	0	0	0	0	14	0	0	0	0	23	0
TCGA-AG-A00C-01A-01W-A00K-09	0	62	0	0	0	115	0	0	0	0	0	0	0	0	0	0	0	0	0
TCGA-AG-A00Y-01A-02W-A00K-09	0	53	0	0	0	224	0	0	0	0	0	0	99	0	0	0	0	39	99
TCGA-AG-A011-01A-01W-A00K-09	0	54	0	0	0	87	0	0	0	0	0	0	0	0	0	0	0	0	0
TCGA-AG-A016-01A-01W-A00K-09	0	59	0	0	0	49	0	0	0	0	0	0	0	0	0	0	0	17	0
TCGA-AG-A01J-01A-01W-A00E-09	0	36	0	0	0	64	0	0	0	0	0	0	0	0	0	0	0	16	0
TCGA-AG-A01L-01A-01W-A00K-09	0	47	0	0	0	0	0	0	0	0	0	0	0	0	0	0	0	40	0
TCGA-AG-A01N-01A-01W-A00E-09	0	38	0	0	0	0	0	0	0	0	0	0	0	0	0	0	0	86	11
TCGA-AG-A01W-01A-21W-A096-10	0	55	0	0	0	75	0	0	0	0	0	0	0	0	0	0	0	35	0
TCGA-AG-A01Y-01A-41W-A096-10	0	33	0	0	0	0	0	0	0	0	0	0	0	0	0	0	0	82	0
TCGA-AG-A026-01A-32W-A096-10	0	65	122	0	0	0	0	0	0	0	0	0	0	16	0	13	0	49	15
TCGA-AG-A02N-01A-11W-A096-10	0	830	0	0	0	0	0	0	0	0	0	0	0	0	0	0	415	206	0
TCGA-AG-A02X-01A-01W-A00E-09	0	78	0	0	0	110	0	0	0	0	0	0	0	0	0	0	0	0	0
TCGA-AG-A036-01A-12W-A096-10	0	56	0	0	0	83	0	0	0	0	0	0	0	14	0	0	0	81	0
TCGA-AH-6544-01A-11D-1826-10	0	57	0	0	0	119	0	0	0	0	0	0	0	0	0	0	0	17	0
TCGA-AH-6549-01A-11D-1826-10	0	32	0	0	0	64	0	0	0	13	0	0	0	0	0	0	0	17	0
TCGA-AH-6643-01A-11D-1826-10	0	55	0	0	0	0	0	0	0	0	0	0	0	0	0	29	0	66	0
TCGA-AH-6644-01A-21D-1826-10	0	81	0	0	0	64	0	0	0	0	0	0	0	0	0	0	0	10	0
TCGA-AH-6897-01A-11D-1924-10	0	68	0	0	0	66	0	0	0	0	0	0	0	0	0	0	0	14	0
TCGA-AH-6903-01A-11D-1924-10	0	37	0	0	0	0	0	0	0	0	0	0	0	0	0	0	0	65	0
TCGA-CI-6619-01B-11D-1826-10	0	45	0	0	0	45	0	0	0	0	0	0	0	0	0	0	0	20	0
TCGA-CI-6620-01A-11D-1826-10	0	45	0	0	0	41	0	0	0	0	0	0	0	0	0	0	0	0	0
TCGA-CI-6621-01A-11D-1826-10	0	70	0	0	0	91	0	0	0	0	0	0	0	0	0	0	0	0	0
TCGA-CI-6622-01A-11D-1826-10	0	66	0	0	0	62	0	0	0	0	0	0	0	0	0	0	0	28	0
TCGA-CI-6623-01B-11D-1826-10	0	41	0	0	0	0	0	0	0	0	0	0	0	0	0	0	0	61	0
TCGA-CI-6624-01C-11D-1826-10	0	34	0	0	0	227	0	0	17	0	0	0	0	10	0	0	0	79	0
TCGA-CL-4957-01A-01D-1733-10	0	49	0	0	0	0	0	0	0	0	0	0	0	0	0	0	0	78	0
TCGA-CL-5917-01A-11D-1657-10	0	54	0	0	0	0	0	0	0	0	0	0	0	0	0	0	0	51	0
TCGA-CL-5918-01A-11D-1657-10	0	68	0	0	0	0	0	0	0	0	0	0	0	0	0	0	0	118	0
TCGA-DC-4745-01A-01D-1733-10	0	47	0	0	0	49	0	0	0	0	0	0	0	0	0	0	0	0	0
TCGA-DC-4749-01A-01D-1733-10	0	46	0	0	0	0	0	0	0	0	0	0	0	0	0	0	0	56	0
TCGA-DC-5337-01A-01D-1657-10	0	82	0	0	0	0	0	0	0	0	0	0	0	0	0	0	0	55	0
TCGA-DC-5869-01A-01D-1657-10	0	39	0	0	0	0	0	0	0	0	0	0	0	0	0	0	0	76	0
TCGA-DC-6154-01A-31D-1924-10	0	48	0	0	0	69	0	0	0	0	0	0	0	0	0	0	0	18	0
TCGA-DC-6155-01A-11D-1657-10	0	24	0	0	0	0	0	0	0	0	0	0	0	0	0	0	0	51	0
TCGA-DC-6157-01A-11D-1657-10	0	48	0	0	0	47	0	0	0	0	0	0	0	0	0	0	0	37	0
TCGA-DC-6158-01A-11D-1657-10	0	40	0	0	0	0	0	0	0	0	0	0	0	12	0	0	0	72	14
TCGA-DC-6160-01A-11D-1657-10	0	67	0	0	0	35	0	0	0	0	0	0	0	0	0	0	0	0	0
TCGA-DC-6681-01A-11D-1826-10	0	45	0	0	0	0	0	0	0	0	0	0	0	0	0	0	0	59	0
TCGA-DC-6682-01A-11D-1826-10	0	88	0	0	0	92	0	0	0	0	0	0	0	0	0	0	0	12	0
TCGA-DT-5265-01A-21D-1826-10	0	54	0	0	0	0	0	0	0	0	0	0	0	0	0	0	0	55	0
TCGA-DY-A1DD-01A-21D-A152-10	0	74	0	0	0	97	0	0	0	0	0	0	0	0	0	0	0	0	0
TCGA-DY-A1DF-01A-11D-A152-10	0	76	80	0	0	0	0	0	0	0	0	0	0	0	0	13	0	0	0
TCGA-DY-A1DG-01A-11D-A152-10	0	97	0	0	0	135	0	0	0	0	0	0	0	0	0	0	0	0	0
TCGA-DY-A1H8-01A-21D-A152-10	0	55	0	0	0	69	0	0	0	0	0	0	0	0	0	0	0	0	0
TCGA-EF-5830-01A-01D-1657-10	0	36	0	0	0	0	0	0	0	0	0	0	0	0	0	0	0	63	0
TCGA-EI-6506-01A-11D-1733-10	0	80	0	0	0	66	0	0	0	0	0	0	0	0	0	0	0	31	0
TCGA-EI-6507-01A-11D-1733-10	0	203	0	0	0	0	0	182	445	0	0	0	0	0	0	0	0	363	0
TCGA-EI-6509-01A-11D-1733-10	0	31	0	0	0	23	0	0	0	0	0	0	0	0	0	0	0	23	0
TCGA-EI-6510-01A-11D-1733-10	0	68	0	0	0	0	0	0	0	0	0	0	0	0	0	0	0	83	0
TCGA-EI-6512-01A-11D-1733-10	0	75	0	0	0	0	0	0	0	0	0	0	0	0	0	0	0	101	0
TCGA-EI-6513-01A-21D-1733-10	0	52	0	0	0	77	61	0	0	0	0	0	0	0	0	0	0	0	0
TCGA-EI-6514-01A-11D-1733-10	0	67	0	0	0	86	0	0	0	0	0	0	0	0	0	0	0	0	0
TCGA-EI-6881-01A-11D-1924-10	0	74	0	0	0	74	0	0	0	0	0	0	0	0	0	0	0	0	0
TCGA-EI-6882-01A-11D-1924-10	0	833	0	0	0	0	0	0	323	0	0	0	0	0	0	0	0	469	0
TCGA-EI-6883-01A-31D-1924-10	0	53	0	0	0	26	0	0	0	0	0	0	0	0	0	0	0	38	0
TCGA-EI-6884-01A-11D-1924-10	0	54	0	0	0	0	0	0	0	0	0	0	0	0	0	0	0	87	0
TCGA-EI-6885-01A-11D-1924-10	0	47	0	0	0	0	0	0	0	0	0	0	0	0	0	0	0	88	0
TCGA-EI-7002-01A-11D-1924-10	0	39	0	0	0	142	0	0	22	0	0	0	0	0	0	0	0	21	0
TCGA-EI-7004-01A-11D-1924-10	0	59	0	0	0	68	0	0	0	0	0	0	0	0	0	0	0	10	0
TCGA-F5-6464-01A-11D-1733-10	0	46	29	0	0	0	0	0	0	0	0	0	0	0	0	17	0	32	0
TCGA-F5-6465-01A-11D-1733-10	0	39	0	0	0	0	0	0	0	0	0	0	0	0	0	0	0	94	0
TCGA-F5-6571-01A-12D-1826-10	0	47	0	0	0	0	0	0	0	0	0	0	0	0	0	0	0	59	0
TCGA-F5-6702-01A-11D-1826-10	0	44	0	0	0	0	0	0	0	0	0	0	0	0	0	0	0	52	0
TCGA-F5-6810-01A-11D-1826-10	0	51	0	0	0	105	0	0	0	0	0	0	0	0	0	0	0	0	0
TCGA-F5-6811-01A-11D-1826-10	0	59	0	0	0	0	0	0	0	0	0	0	0	0	0	0	0	67	0
TCGA-F5-6813-01A-11D-1826-10	0	56	0	0	0	93	0	0	0	0	0	0	0	0	0	0	0	28	0
TCGA-F5-6861-01A-11D-1924-10	0	56	0	0	0	51	0	0	0	0	0	0	0	0	0	0	0	24	0
TCGA-F5-6863-01A-11D-1924-10	0	42	0	0	0	41	0	0	0	0	0	0	0	0	0	0	0	20	0
TCGA-F5-6864-01A-11D-1924-10	0	76	0	0	0	67	0	0	0	0	0	0	0	0	0	0	0	48	0
TCGA-G5-6641-01A-11D-1826-10	0	48	0	0	0	0	0	0	0	0	0	0	0	0	0	0	0	80	0
587358	0	35	0	0	0	0	0	0	0	0	0	0	0	0	0	0	0	26	0
C10	0	63	0	0	0	0	0	0	0	0	0	0	0	0	0	0	0	66	0
C14	0	33	0	0	0	0	0	0	0	0	0	0	0	0	0	0	0	44	0
C18	0	257	0	0	0	0	0	0	0	0	0	0	0	0	0	0	301	364	0
C20	0	49	0	0	0	0	0	0	0	0	0	0	0	0	0	0	0	62	0
C22	0	64	0	0	0	0	0	0	0	0	0	0	0	0	0	0	0	134	0
C23	0	58	0	0	0	0	0	0	0	0	0	0	0	0	0	0	0	96	0
C24	0	157	0	0	0	0	0	0	0	0	0	0	0	0	0	0	121	84	0
C27	0	30	0	0	0	0	0	0	0	0	0	0	0	0	0	0	0	47	0
C31	0	34	0	0	0	0	0	0	0	0	0	0	0	0	0	0	0	39	0
C40	0	22	0	0	0	0	0	0	0	0	0	0	0	0	0	0	0	13	0
C46	0	138	0	0	0	0	0	0	0	0	0	0	0	0	0	0	0	558	0
C5	0	39	0	0	0	0	0	0	0	16	0	0	0	0	0	0	0	47	0
C6	0	47	0	0	0	0	0	0	0	0	0	0	0	0	0	0	0	45	0
C7	0	42	0	0	0	0	0	0	0	0	0	0	0	0	0	0	0	27	0
CRC-02T	0	587	0	0	0	0	0	0	0	0	0	0	0	0	0	0	1545	518	0
CRC-03T	0	377	0	0	0	0	0	0	0	0	0	0	0	0	0	0	456	419	0
CRC-06T	0	705	0	0	0	0	0	0	0	0	0	0	0	0	0	0	582	591	0
CRC-09T	0	63	0	0	0	0	0	0	0	0	0	0	0	0	0	0	0	155	0
CRC-11T	0	65	0	0	0	0	0	0	0	0	0	0	0	0	0	0	0	136	0
CRC-14T	0	46	0	0	0	0	0	0	0	0	0	0	0	0	0	0	0	89	0
CRC-16T	0	47	0	0	0	0	0	0	0	0	0	0	0	0	0	0	0	92	0
CRC-19T	0	558	0	0	748	0	0	0	0	0	0	0	0	0	0	0	452	186	0
CRC-21T	0	40	0	0	0	0	0	0	0	0	0	0	0	0	0	0	0	60	0
CRC-23T	0	40	0	0	0	0	0	0	21	0	0	0	0	0	0	0	0	171	0
CRC-34T	0	45	0	0	0	0	0	0	0	0	0	0	0	0	0	0	0	115	0
CRC-35T	0	27	0	0	0	0	0	0	0	0	0	0	0	0	0	0	0	71	0
CRC-37T	0	18	0	0	0	0	0	0	22	0	0	0	0	0	0	0	0	74	0
sysucc-1028T	0	54	0	0	0	0	0	0	0	0	0	0	0	0	0	0	0	761	0
sysucc-1030T	0	70	0	0	0	0	0	0	0	0	0	0	0	0	0	0	0	461	0
sysucc-1067T	0	141	0	0	0	0	0	0	0	0	0	0	0	0	0	0	0	597	0
sysucc-1072T	0	63	0	0	0	0	0	0	0	0	0	0	0	0	0	0	0	765	0
sysucc-1116T	0	90	0	0	0	0	0	0	0	0	0	0	0	0	0	0	0	672	0
sysucc-1128T	0	111	0	0	0	0	0	0	0	0	0	0	0	0	0	0	0	538	0
sysucc-1135T	0	117	0	0	0	0	0	0	0	0	0	0	0	0	0	0	0	608	0
sysucc-1150T	0	67	0	0	0	0	0	0	0	0	0	0	0	0	0	0	0	1171	0
sysucc-1163T	0	274	0	0	0	0	0	0	848	0	0	0	0	0	0	0	0	1617	0
sysucc-1171T	0	62	0	0	0	0	0	0	0	0	0	0	0	0	0	0	0	626	0
sysucc-1173T	0	78	0	0	0	0	0	0	0	0	0	0	0	0	0	0	0	609	0
sysucc-1315T	0	121	0	0	0	0	0	0	0	0	0	0	0	0	0	0	0	592	0
sysucc-1317T	0	557	0	0	0	0	0	0	726	0	0	0	0	0	0	0	1416	2242	0
sysucc-1339T	0	99	0	0	0	0	0	0	0	0	0	0	0	0	0	0	0	643	0
sysucc-1370T	0	3396	0	0	0	0	0	0	0	0	0	0	0	0	0	0	0	3208	0
sysucc-1397T	0	1103	0	0	0	0	0	0	0	0	0	0	0	0	0	0	1931	1682	0
sysucc-1421T	0	54	0	0	0	0	0	0	0	0	0	0	0	0	0	0	0	452	0
sysucc-1450T	0	104	0	0	0	0	0	0	0	0	0	0	0	0	0	0	0	732	0
sysucc-1465T	0	77	0	0	0	0	0	0	0	0	0	0	0	0	0	0	0	563	0
sysucc-1484T	0	89	0	0	0	0	0	0	0	0	0	0	0	0	0	0	0	672	0
sysucc-1512T	0	103	0	0	0	0	0	0	0	0	0	0	0	0	0	0	0	745	0
sysucc-1925T	0	105	0	0	0	0	0	0	0	0	0	0	0	0	0	0	0	689	0
sysucc-1972T	0	116	0	0	0	0	0	0	0	0	0	0	0	0	47	78	0	719	0
sysucc-2026T	0	149	0	0	0	0	0	0	0	0	0	0	0	0	0	0	0	607	0
sysucc-274T	0	623	0	0	0	0	0	0	0	0	0	0	0	0	0	0	1020	836	0
sysucc-325T	0	156	0	0	0	0	0	0	0	0	0	0	0	0	0	0	0	787	0
sysucc-627T	0	93	0	0	0	0	0	0	0	0	0	0	0	0	0	0	0	701	0
sysucc-657T	0	97	0	0	0	0	0	0	0	0	0	0	0	0	0	0	0	739	0
sysucc-679T	0	58	0	0	0	0	0	0	0	0	0	0	0	0	0	0	0	524	0
sysucc-707T	0	143	0	0	0	0	0	0	0	0	0	0	0	0	0	0	0	887	0
sysucc-715T	0	102	0	0	0	0	0	0	0	0	0	0	0	0	0	0	0	688	0
sysucc-731T	0	60	0	0	0	0	0	0	0	0	0	0	0	0	0	0	0	566	0
sysucc-743T	0	66	0	0	0	0	0	0	0	0	0	0	0	0	0	0	0	631	0
sysucc-771T	0	135	0	0	0	0	0	0	0	0	0	0	0	0	0	0	0	575	0
sysucc-773T	0	66	0	0	0	0	0	0	0	0	0	0	0	0	0	0	0	516	0
sysucc-774T	0	104	0	0	0	0	0	0	0	0	0	0	0	0	0	0	0	609	0
sysucc-783T	0	950	0	0	0	0	0	0	0	0	0	0	0	0	0	0	1230	1391	0
sysucc-809T	0	92	0	0	0	0	0	0	0	0	0	0	0	0	0	0	0	631	0
sysucc-810T	0	112	0	0	0	0	0	0	0	0	0	0	0	0	0	0	0	610	0
sysucc-823T	0	72	0	0	0	0	0	0	0	0	0	0	0	0	0	0	0	489	0
sysucc-825T	0	95	0	0	0	0	0	0	0	0	0	0	0	0	0	0	0	860	0
sysucc-826T	0	97	0	0	0	0	0	0	0	0	0	0	0	0	0	0	0	607	0
sysucc-834T	0	969	0	0	0	0	0	0	0	0	0	0	0	0	0	0	966	1236	0
sysucc-867T	0	169	0	0	0	0	0	0	0	0	0	0	0	0	0	0	0	698	0
sysucc-875T	0	65	0	0	0	0	0	0	0	0	0	0	0	0	0	0	0	441	0
sysucc-880T	0	620	0	0	0	0	0	0	0	0	0	0	0	0	0	0	1401	1657	0
sysucc-882T	0	48	0	0	1199	0	0	0	375	0	0	0	0	0	0	0	0	912	0
sysucc-918T	0	71	0	0	0	0	0	0	0	0	0	0	0	0	0	0	0	612	0
sysucc-923T	0	55	0	0	0	0	0	0	0	0	0	0	0	0	0	0	0	528	0
sysucc-936T	0	61	0	0	0	0	0	0	0	0	0	0	0	0	0	0	0	613	0
sysucc-966T	0	82	0	0	0	0	0	0	0	0	0	0	0	0	0	0	0	674	0
1910786	0	28	0	0	0	0	0	0	0	0	0	0	0	0	0	0	0	25	0
250LT	0	52	0	0	0	0	0	0	0	0	0	0	0	0	0	0	0	190	0
262LT	0	38	0	0	0	0	0	0	0	0	0	0	0	0	0	0	0	210	0
413LT	0	18	0	0	0	0	0	0	0	0	0	0	0	0	0	0	0	19	0
526LT	0	60	0	0	0	0	0	0	0	0	0	0	0	0	0	0	0	226	0
587220	0	495	0	0	0	0	0	0	0	0	0	0	0	0	0	0	482	277	0
587224	0	486	0	0	0	0	0	0	278	0	0	0	0	0	0	0	323	206	0
587226	0	281	0	0	0	0	0	0	0	0	0	0	0	0	0	0	334	160	0
587228	0	839	0	0	0	0	0	0	0	0	0	0	0	0	0	0	308	60	0
587234	0	646	0	0	0	0	0	0	0	0	0	0	0	0	0	0	227	153	0
587238	0	207	0	0	0	0	0	0	398	0	0	0	0	0	0	0	0	291	0
587256	0	179	0	0	0	0	0	0	278	0	0	0	0	0	0	0	244	180	0
587260	0	43	0	0	0	0	0	0	0	0	0	0	0	0	0	0	0	55	0
587270	0	45	0	0	0	0	0	0	0	0	0	0	0	0	0	0	0	48	0
587278	0	800	0	0	0	0	0	0	0	0	0	0	0	0	0	0	572	161	0
587282	0	34	0	0	0	0	0	0	0	0	0	0	0	0	0	0	0	56	0
587284	0	71	0	0	0	0	0	0	1167	0	0	0	0	0	0	0	0	932	0
587288	0	29	0	0	0	0	0	0	37	0	0	0	0	0	0	0	0	35	0
587290	0	49	0	0	0	0	0	0	0	0	0	0	0	0	0	0	0	85	0
587298	0	46	0	0	0	0	0	0	0	0	0	0	0	0	0	0	0	56	0
587300	0	45	0	0	0	0	0	0	0	0	0	0	0	0	0	0	0	46	0
587302	0	46	0	0	0	0	0	0	0	0	0	0	0	0	0	0	0	71	0
587316	0	482	0	0	0	0	0	0	0	0	0	0	0	0	0	0	309	186	0
587318	0	20	0	0	0	0	0	0	0	0	0	0	0	0	0	0	0	18	0
587322	0	28	0	0	0	0	0	0	0	0	0	0	0	0	0	0	0	32	0
587332	0	121	0	0	0	0	0	0	174	0	0	0	0	0	0	0	461	676	0
587334	0	52	0	0	0	0	0	0	0	0	0	0	0	0	0	0	0	46	0
587336	0	274	0	0	0	0	0	0	0	0	0	0	0	0	0	0	320	151	0
587338	0	584	0	0	0	0	0	0	0	0	0	0	0	0	0	0	401	62	0
587340	0	21	0	0	0	0	0	0	0	0	0	0	0	0	0	0	0	29	0
587342	0	630	0	0	0	0	0	1423	0	0	0	0	0	0	0	0	451	666	0
587346	0	29	0	0	0	0	0	0	0	0	0	0	0	0	0	0	0	32	0
587350	0	183	0	0	0	0	0	0	195	0	0	0	0	0	0	0	216	217	0
587352	0	25	0	0	0	0	0	0	0	0	0	0	0	0	0	0	0	55	0
587354	0	28	0	0	0	0	0	0	0	0	0	0	0	0	0	0	0	26	0
587356	0	32	0	0	0	0	0	0	0	0	0	0	0	0	0	0	0	36	0
587360	0	24	0	0	0	0	0	0	0	0	0	0	0	0	0	0	0	12	0
587362	0	37	0	0	0	0	0	0	0	0	0	0	0	0	0	0	0	27	0
587364	0	37	0	0	0	0	0	0	0	0	0	0	0	0	0	0	0	50	0
587374	0	34	0	0	0	0	0	0	0	0	0	0	0	0	0	0	0	56	0
587378	0	34	0	0	0	0	0	0	0	0	0	0	0	0	0	0	0	28	0
587380	0	41	0	0	0	0	0	0	0	0	0	0	0	0	0	0	0	44	0
587386	0	53	0	0	0	0	0	0	0	0	0	0	0	0	0	0	0	58	0
587392	0	35	0	0	0	0	0	0	0	0	0	0	0	0	0	0	0	54	0
587398	0	32	0	0	0	0	0	0	0	0	0	0	0	0	0	0	0	37	0
721LT	0	49	0	0	0	0	0	0	0	0	0	0	0	0	0	0	0	162	0
C106	0	55	0	0	0	0	0	0	0	0	0	0	0	0	0	0	0	141	0
C125	0	56	0	0	0	0	0	0	0	0	0	0	0	0	0	0	0	139	0
C135	0	661	0	0	0	0	0	0	0	0	0	0	0	0	0	0	624	284	0
C391	0	54	0	0	0	0	0	0	0	0	0	0	0	0	0	0	111	87	0
C467	0	91	0	0	0	0	0	0	0	0	0	0	0	0	0	0	168	106	0
C547	0	98	0	0	0	0	0	0	64	0	0	0	0	0	0	0	0	97	0
C608	0	87	0	0	0	0	0	0	0	0	0	0	0	0	0	0	87	240	0
C658	0	99	0	0	0	0	0	0	0	0	0	0	0	0	0	0	84	184	0
C709	0	23	0	0	0	0	0	0	51	0	0	0	0	0	0	0	104	184	0
C80	0	57	0	0	0	0	0	0	0	0	0	0	0	0	0	0	0	133	0
C84	0	66	0	0	0	0	0	0	0	0	0	0	0	0	0	0	0	174	0
C91	0	323	0	0	0	0	0	0	0	0	0	0	0	0	0	0	193	284	0
C99	0	56	0	0	0	0	0	0	0	0	0	0	0	0	0	0	0	132	0
CACO2	0	42	0	0	0	0	0	0	0	0	0	0	0	36	0	0	0	171	17
CCK81	0	524	0	0	0	0	0	0	0	0	0	0	0	0	0	0	843	1074	0
COLO678	0	68	0	0	0	0	0	0	0	0	0	0	0	0	0	0	0	197	0
CRC-1	0	21	0	0	0	0	0	0	0	0	0	0	0	0	0	0	0	17	0
CRC-3	0	42	0	0	0	0	0	0	0	0	0	0	0	0	0	0	0	33	0
CRC-4	0	37	0	0	0	0	0	0	0	0	0	0	0	0	0	0	0	36	0
CoCM-1	0	59	0	0	0	0	0	0	0	0	0	0	0	0	0	0	0	252	0
Gp2D	0	469	0	1824	0	0	0	0	0	0	0	0	0	0	0	0	893	2099	0
HCA46	0	59	0	0	0	0	0	0	0	0	0	0	0	0	0	0	0	216	0
HCA7	0	399	0	0	0	0	0	0	236	0	0	0	0	0	0	0	372	432	0
HDC101	0	66	0	0	0	0	0	0	0	0	0	0	0	66	0	0	0	119	38
HDC54	0	54	0	0	0	0	0	0	0	0	0	0	0	0	0	0	0	177	0
HDC82	0	53	0	0	0	0	0	0	0	0	0	0	0	0	0	0	0	118	0
HDC90	0	85	0	0	0	0	0	0	0	0	0	0	0	0	0	0	0	154	0
HRA19	0	61	0	0	0	0	0	0	0	0	0	0	0	0	0	0	0	334	0
LIM1899	0	114	0	0	0	0	0	0	457	0	0	0	0	0	0	0	0	418	0
LIM2405	0	153	0	0	0	0	0	0	503	0	0	0	0	0	0	0	0	958	0
LIM2551	0	192	0	0	0	0	0	0	247	0	0	0	0	0	0	0	412	372	0
LOVO	0	699	0	0	0	0	0	0	0	0	0	0	0	0	0	0	828	480	0
LS174T	0	285	0	0	0	0	0	0	430	0	0	0	0	0	0	0	0	1181	0
LS411	0	333	0	0	0	0	0	0	0	0	0	0	0	0	0	0	1589	886	0
LS513	0	85	0	0	0	0	0	0	0	0	0	0	0	0	0	0	0	210	0
P140	0	40	0	0	0	0	0	0	0	0	0	0	0	0	0	0	0	14	0
RW2982	0	59	0	0	0	0	0	0	0	0	0	0	0	0	0	0	0	220	0
RW7213	0	57	0	0	0	0	0	0	0	0	0	0	0	0	0	0	0	143	0
SKCO-1	0	42	0	0	0	0	0	0	0	0	0	0	0	0	0	0	0	154	0
SNU-C4	0	424	0	0	0	0	0	0	0	0	0	0	0	0	0	0	1089	709	0
SW1222	0	52	0	0	0	0	0	0	0	0	0	0	0	0	0	0	0	197	0
Single_Sample	0	25	0	0	0	0	0	0	0	0	0	0	0	0	0	0	0	103	0
T1154	0	241	0	0	0	0	0	0	298	0	0	0	0	0	0	0	0	862	0
T1182	0	28	0	0	0	0	0	0	0	0	0	0	0	0	0	0	0	76	0
T1185	0	37	0	0	0	0	0	0	0	0	0	0	0	0	0	0	0	24	0
T1194	0	55	0	0	0	0	0	0	0	0	0	0	0	0	0	0	0	30	0
T1204	0	35	0	0	0	0	0	0	0	0	0	0	0	0	0	0	0	77	0
T1221	0	56	0	0	0	0	0	0	0	0	0	0	0	0	0	0	0	60	0
T1232	0	58	0	0	0	0	0	0	0	0	0	0	0	0	0	0	0	56	0
T1743	0	223	0	0	0	0	0	0	0	123	0	0	0	0	0	0	0	115	0
T1760	0	67	0	0	0	0	0	0	0	0	0	0	0	0	0	0	0	98	0
T1764	0	150	0	0	0	0	0	0	0	0	0	0	0	0	0	0	0	155	0
T1844	0	95	0	0	0	0	0	0	0	36	0	0	0	0	0	0	0	91	0
T186	0	49	0	0	0	0	0	0	0	0	0	0	0	0	0	0	0	54	0
T20	0	55	0	0	0	0	0	0	0	0	0	0	0	0	0	0	0	62	0
T204	0	151	0	0	0	0	0	0	0	53	0	0	0	0	0	0	0	87	0
T207	0	225	0	0	0	0	0	0	0	0	0	0	0	0	0	0	184	222	0
T2197	0	516	0	0	0	0	0	0	0	0	0	0	0	0	0	0	276	219	0
T222	0	49	0	0	0	0	0	0	0	0	0	0	0	0	0	0	0	45	0
T2225	0	177	0	0	0	0	0	0	0	0	0	0	0	0	0	0	0	158	0
T2258	0	66	0	0	0	0	0	0	0	0	0	0	0	0	0	0	0	36	0
T2272	0	22	0	0	0	0	0	0	0	10	0	0	0	0	0	0	0	26	0
T2284	0	72	0	0	0	0	0	0	0	27	0	0	0	0	0	0	0	75	0
T231	0	78	0	0	0	0	0	0	0	0	0	0	0	0	0	0	0	146	0
T2345	0	23	0	0	0	0	0	0	0	0	0	0	0	0	0	0	0	30	0
T2384	0	38	0	0	0	0	0	0	0	0	0	0	0	0	0	0	0	43	0
T2389	0	38	0	0	0	0	0	0	0	0	0	0	0	0	0	0	0	45	0
T2417	0	126	0	0	0	0	0	0	0	0	0	0	0	0	0	0	0	111	0
T2418	0	41	0	0	0	0	0	0	0	0	0	0	0	0	0	0	0	34	0
T2458	0	40	0	0	0	0	0	0	0	0	0	0	0	0	0	0	0	50	0
T256	0	61	0	0	0	0	0	0	0	0	0	0	0	0	0	0	0	71	0
T2568	0	39	0	0	0	0	0	0	0	0	0	0	0	0	10	24	0	71	0
T2578	0	37	0	0	0	0	0	0	0	0	0	0	0	0	0	0	0	52	0
T2583	0	40	0	0	0	0	0	0	0	0	0	0	0	0	0	0	0	62	0
T2621	0	39	0	0	0	0	0	0	0	0	0	0	0	0	0	0	0	72	0
T263	0	65	0	0	0	0	0	0	201	0	0	0	0	0	0	0	0	607	0
T2643	0	60	0	0	0	183	0	0	0	0	0	0	0	0	0	0	0	0	0
T2664	0	71	0	0	0	0	0	0	0	0	0	0	0	0	0	0	0	80	0
T276	0	114	0	0	0	0	0	0	84	0	0	0	0	0	0	0	0	141	0
T2766	0	44	0	0	0	0	0	0	0	0	0	0	0	0	0	0	0	45	0
T2769	0	127	0	0	0	0	0	0	0	0	0	0	0	0	0	0	0	108	0
T2926	0	69	0	0	0	0	0	0	0	0	0	0	0	0	0	0	0	60	0
T2931	0	50	0	0	0	0	0	0	0	0	0	0	0	0	0	0	0	98	0
T2932	0	162	0	0	0	0	0	0	0	0	0	0	0	0	0	0	241	232	0
T2940	0	438	0	0	0	0	0	0	0	0	0	0	0	0	0	0	666	521	0
T2941	0	93	0	0	0	0	0	0	0	0	0	0	0	0	0	0	0	91	0
T2944	0	484	0	0	0	0	0	0	0	0	0	0	0	0	0	0	217	234	0
T2948	0	50	0	0	0	0	0	0	0	0	0	0	0	0	0	0	0	64	0
T2949	0	50	0	0	0	0	0	0	0	0	0	0	0	0	0	0	0	71	0
T2950	0	96	0	0	0	0	0	0	0	0	0	0	0	0	0	0	58	118	0
T2955	0	53	0	0	0	0	0	0	0	0	0	0	0	0	0	0	0	91	0
T2957	0	47	0	0	0	0	0	0	0	0	0	0	0	0	0	0	0	33	0
T2959	0	56	0	0	0	0	0	0	0	0	0	0	0	0	0	0	0	68	0
T2963	0	87	0	0	0	0	0	0	0	0	0	0	0	0	0	0	0	97	0
T2969	0	45	0	0	0	0	0	0	0	0	0	0	0	0	0	0	0	72	0
T2974	0	79	0	0	0	0	0	0	0	0	0	0	0	0	0	0	0	63	0
T2979	0	71	0	0	0	0	0	0	0	0	0	0	0	0	0	0	0	74	0
T298	0	83	0	0	0	0	0	0	0	0	0	0	0	0	0	0	0	104	0
T2987	0	50	0	0	0	0	0	0	0	0	0	0	0	0	0	0	0	38	0
T2991	0	55	0	0	0	0	0	0	0	0	0	0	0	0	0	0	0	61	0
T2999	0	118	0	0	0	0	0	0	0	0	0	0	0	0	0	0	0	125	0
T3011	0	59	0	0	0	0	0	0	0	0	0	0	0	0	0	0	0	60	0
T3021	0	710	0	0	0	0	0	0	0	0	0	0	0	0	0	0	719	828	0
T3024	0	509	0	0	0	0	0	0	0	0	0	0	0	0	0	0	501	389	0
T3033	0	54	0	0	0	0	0	0	0	0	0	0	0	0	0	0	0	71	0
T3038	0	96	0	0	0	0	0	0	0	0	0	0	0	0	0	0	0	84	0
T3048	0	46	0	0	0	0	0	0	0	0	0	0	0	0	0	0	0	64	0
T3049	0	100	0	0	0	0	0	0	76	0	0	0	0	0	0	0	0	166	0
T3058	0	132	0	0	0	0	0	0	0	0	0	0	0	0	0	0	0	117	0
T3059	0	40	0	0	0	0	0	0	0	0	0	0	0	0	0	0	0	59	0
T3062	0	147	0	0	0	0	0	0	0	0	0	0	0	0	0	0	0	78	0
T3064	0	564	0	0	0	0	0	0	0	0	0	0	0	0	0	0	662	415	0
T3080	0	451	0	0	0	0	0	0	0	0	0	0	0	0	0	0	560	398	0
T3082	0	32	0	0	0	0	0	0	0	0	0	0	0	0	0	0	0	30	0
T3088	0	69	0	0	0	0	0	0	0	0	0	0	0	0	0	0	0	59	0
T3090	0	624	0	0	0	0	0	0	0	0	0	0	0	0	0	0	464	302	0
T3091	0	360	0	0	0	0	0	0	0	0	0	0	0	0	0	0	713	321	0
T3092	0	108	0	0	0	0	0	0	0	0	0	0	0	0	0	0	0	71	0
T3094	0	297	0	0	0	0	0	0	0	0	0	0	0	0	0	0	236	532	0
T3099	0	100	0	0	0	0	0	0	0	0	0	0	0	0	0	0	0	98	0
T3101	0	28	0	0	0	0	0	0	0	0	0	0	0	0	0	0	0	53	0
T3104	0	69	0	0	0	0	0	0	0	0	0	0	0	0	0	0	0	78	0
T3105	0	52	0	0	0	0	0	0	0	0	0	0	0	0	0	0	0	51	0
T3109	0	47	0	0	0	0	0	0	0	0	0	0	0	0	0	0	0	32	0
T3116	0	71	0	0	0	0	0	0	0	0	0	0	0	0	0	0	0	119	0
T3118	0	322	0	0	0	0	0	0	0	0	0	0	0	0	0	0	352	125	0
T3145	0	48	0	0	0	0	0	0	0	0	0	0	0	0	0	0	0	68	0
T3147	0	66	0	0	0	0	0	0	0	0	0	0	0	0	0	0	0	88	0
T3149	0	40	0	0	0	0	0	0	0	0	0	0	0	0	0	0	0	40	0
T3151	0	27	0	0	0	0	0	0	0	0	0	0	0	0	0	0	0	52	0
T3152	0	444	0	0	0	0	0	0	0	0	0	0	0	0	0	0	368	391	0
T3174	0	400	0	0	0	0	0	0	0	0	0	0	0	0	0	0	207	413	0
T3182	0	184	0	0	0	0	0	0	0	0	0	0	0	0	0	0	0	123	0
T3187	0	44	0	0	0	0	0	0	0	0	0	0	0	0	0	0	0	52	0
T3188	0	30	0	0	0	0	0	0	0	0	0	0	0	0	0	0	0	38	0
T3190	0	40	0	0	0	0	0	0	0	0	0	0	0	0	0	0	0	54	0
T3202	0	266	0	0	0	0	0	0	0	0	0	0	0	0	0	0	370	307	0
T3203	0	61	0	0	0	0	0	0	0	0	0	0	0	0	0	0	0	62	0
T3204	0	50	0	0	0	0	0	0	0	0	0	0	0	0	0	0	0	75	0
T3225	0	987	0	0	0	0	0	0	0	0	0	0	0	0	0	0	749	152	0
T3226	0	17	0	0	0	0	0	0	0	0	0	0	0	0	0	0	0	29	0
T3236	0	42	0	0	0	0	0	0	0	0	0	0	0	0	0	0	0	40	0
T3240	0	45	0	0	0	0	0	0	0	0	0	0	0	0	0	0	0	89	0
T3246	0	65	0	0	0	0	0	0	0	0	0	0	0	0	0	0	0	103	0
T3254	0	26	0	0	0	0	0	0	0	0	0	0	0	0	0	0	0	29	0
T3255	0	89	0	0	0	0	0	0	0	0	0	0	0	0	0	0	0	75	0
T3262	0	455	0	0	0	0	0	0	0	0	0	0	0	0	0	0	505	381	0
T3267	0	59	0	0	0	0	0	0	0	0	0	0	0	0	0	0	0	87	0
T3298	0	62	0	0	0	0	0	0	0	22	0	0	0	0	0	0	0	53	0
T3306	0	97	0	0	0	0	0	0	0	0	0	0	0	0	0	0	0	181	0
T3309	0	22	0	0	0	0	0	0	0	0	0	0	0	0	0	0	0	26	0
T3336	0	68	0	0	0	0	0	0	0	0	0	0	0	0	0	0	0	117	0
T3340	0	60	0	0	0	0	0	0	0	0	0	0	0	0	0	0	0	82	0
T3351	0	75	0	0	0	0	0	0	0	0	0	0	0	0	0	0	0	92	0
T3431	0	49	0	0	0	0	0	0	0	0	0	0	0	0	0	0	0	42	0
T3433	0	54	0	0	0	0	0	0	0	0	0	0	0	0	0	0	0	58	0
T3436	0	56	0	0	0	0	0	0	0	0	0	0	0	0	0	0	0	59	0
T3446	0	113	0	0	0	0	0	0	0	0	0	0	0	0	0	0	204	146	0
T3454	0	73	0	0	0	0	0	0	0	0	0	0	0	0	0	0	0	81	0
T3479	0	72	0	0	0	0	0	0	0	0	0	0	0	0	0	0	0	80	0
T3498	0	296	0	0	0	0	0	0	0	0	0	0	0	0	0	0	213	323	0
T3502	0	51	0	0	0	0	0	0	0	20	0	0	0	0	0	0	0	63	0
T3503	0	546	0	0	0	0	0	0	0	0	0	0	0	0	0	0	249	215	0
T3505	0	80	0	0	0	0	0	0	0	0	0	0	0	0	0	0	0	53	0
T3509	0	58	0	0	0	0	0	0	0	0	0	0	0	0	0	0	0	41	0
T351	0	54	0	0	0	0	0	0	0	0	0	0	0	0	0	0	0	82	0
T3527	0	39	0	0	0	0	0	0	0	0	0	0	0	0	0	0	0	54	0
T3535	0	239	0	0	0	0	0	0	0	0	0	0	0	0	0	0	343	305	0
T3557	0	51	0	0	0	0	0	0	0	0	0	0	0	0	0	0	0	54	0
T36	0	84	0	0	0	0	0	0	114	0	0	0	0	0	0	0	0	128	0
T3603	0	62	0	0	0	0	0	0	0	0	0	0	0	0	0	0	0	43	0
T3610	0	196	0	0	0	0	0	0	0	83	0	0	0	0	0	0	0	71	0
T3658	0	295	0	0	0	0	0	0	0	0	0	0	0	0	0	0	515	433	0
T3668	0	77	0	0	0	0	0	0	0	0	0	0	0	0	0	0	0	91	0
T3670	0	72	0	0	0	0	0	0	0	0	0	0	0	0	0	0	0	91	0
T368	0	306	0	0	0	0	0	0	0	0	0	0	0	0	0	0	514	322	0
T3720	0	49	0	0	0	0	0	0	0	0	0	0	0	0	0	0	0	61	0
T3724	0	432	0	0	0	0	0	0	0	0	0	0	0	0	0	0	939	830	0
T388	0	20	0	0	0	0	0	0	0	0	0	0	0	0	0	0	0	24	0
T407	0	204	0	0	0	0	0	0	0	0	0	0	0	0	0	0	258	157	0
T464	0	29	0	0	0	0	0	0	0	0	0	0	0	0	0	0	0	17	0
T469	0	130	0	0	0	0	0	0	0	0	0	0	0	0	0	0	0	85	0
T473	0	27	0	0	0	0	0	0	0	0	0	0	0	0	0	0	0	32	0
T475	0	39	0	0	0	0	0	0	0	0	0	0	0	0	0	0	0	43	0
T521	0	38	0	0	0	0	0	0	0	0	0	0	0	0	0	0	0	45	0
T55	0	76	0	0	0	0	0	0	0	0	0	197	0	0	0	0	315	384	0
T595	0	34	0	0	0	0	0	0	0	0	0	0	0	0	0	0	0	54	0
T613	0	215	0	0	0	0	0	0	0	0	0	0	0	0	0	0	176	207	0
T636	0	123	0	0	0	0	0	0	0	0	0	0	0	0	0	0	0	135	0
T660	0	39	0	0	0	0	0	0	0	0	0	0	0	0	0	0	0	63	0
T684	0	49	0	0	0	0	0	0	0	0	0	0	0	0	0	0	0	60	0
T70	0	39	0	0	0	0	0	0	0	0	0	0	0	0	0	0	0	44	0
T96	0	186	0	0	0	0	0	0	0	94	0	0	0	0	0	0	0	86	0
VACO10	0	63	0	0	0	0	0	0	0	0	0	0	0	0	0	0	0	129	0
TCGA-AA-3549-01A-02D-1953-10	0	0	0	0	0	0	0	0	13	0	0	0	0	0	0	0	0	0	0
