Sample	SBS1	SBS24	SBS29	SBS22	SBS3	SBS18	SBS31	SBS26	SBS40	SBS9	SBS19	SBS28	SBS6	SBS30	SBS14	SBS12	SBS4	SBS17a	SBS17b	SBS35	SBS16	SBS5
SP97749	33	0	0	0	0	0	0	0	0	0	0	0	0	0	0	0	1582	0	0	0	0	6467
SP49235	11	0	1165	0	0	0	0	0	0	0	0	0	0	0	0	0	0	0	0	0	0	6841
SP97747	62	0	0	0	0	0	0	0	0	0	0	0	0	0	0	0	1959	0	0	0	779	6716
SP97681	34	0	0	0	0	0	0	0	0	0	0	0	0	0	0	0	2484	0	0	0	0	9470
SP98082	137	0	0	0	0	0	0	0	0	0	0	0	0	0	0	0	1817	0	0	0	0	6909
SP49334	147	0	0	0	0	0	0	0	2509	0	0	0	0	0	0	0	706	0	0	0	0	4400
SP49124	103	0	0	0	0	0	0	0	6016	0	0	1288	0	0	0	0	0	348	951	0	0	7158
SP115501	216	0	0	0	0	0	0	0	0	0	0	0	0	0	0	0	2682	0	0	0	0	6624
SP98305	116	0	2145	0	0	0	0	0	0	0	0	0	0	0	0	0	0	0	0	0	883	12296
SP98092	177	0	1076	0	0	0	0	0	0	0	0	0	0	0	0	0	0	0	0	0	0	5781
SP120755	146	0	0	0	0	0	0	0	0	0	0	0	0	0	0	0	0	0	0	0	0	2601
SP49175	483	0	0	2203	0	0	0	0	0	0	0	0	0	0	0	0	0	0	0	0	0	3882
SP49223	225	0	830	0	0	0	0	0	0	0	0	0	0	0	0	0	0	0	0	0	0	2639
SP49379	108	0	0	0	0	0	0	0	4208	0	0	0	0	0	0	0	4288	0	0	0	0	7043
SP49541	55	0	2285	0	0	0	0	0	0	0	0	0	0	0	0	0	0	0	0	0	0	9900
SP49481	10	0	0	0	0	0	0	0	1343	0	0	0	0	0	0	0	0	0	0	0	331	1444
SP106677	199	0	0	0	0	0	0	0	4232	0	0	0	0	0	0	0	0	0	0	0	0	3533
SP106743	25	0	0	0	0	0	0	0	0	643	0	0	0	0	0	0	0	0	0	0	0	2836
SP98359	453	0	0	0	0	0	0	0	5546	0	0	0	0	0	0	0	0	0	0	0	0	2761
SP98192	238	0	672	0	0	0	0	0	0	0	0	0	0	0	0	0	0	0	0	0	0	2937
SP49551	78	0	0	0	0	0	0	0	0	0	0	0	0	0	0	0	3528	0	0	0	0	7942
SP49651	101	0	1407	0	0	0	0	0	0	0	0	0	0	0	0	0	0	0	0	0	0	6210
SP98265	413	0	0	0	0	0	0	0	0	0	0	0	0	913	0	0	5468	0	0	0	0	11607
SP98060	361	0	0	0	0	0	0	0	0	0	0	0	0	0	0	0	0	0	0	0	0	1923
SP98090	593	0	0	9527	0	0	0	0	0	0	4366	0	0	0	0	15397	0	0	0	0	0	33803
SP49469	321	0	0	0	0	0	0	0	3543	0	0	0	0	0	0	0	0	0	0	0	0	3424
SP49205	242	0	745	0	0	0	0	0	0	0	0	0	0	0	0	0	0	0	0	0	0	3912
SP98327	39	0	0	0	0	0	0	0	0	0	0	0	0	0	0	0	3089	0	0	0	0	7652
SP49449	213	0	1011	0	0	0	0	0	0	0	0	0	0	0	0	0	0	0	0	0	0	2489
SP49391	187	0	0	0	0	0	0	0	3266	0	0	0	0	0	0	585	0	0	0	0	290	1297
SP49531	219	0	0	0	0	0	0	0	10634	0	0	0	0	0	0	0	0	0	0	0	0	6427
SP49322	156	0	507	0	0	0	0	0	3594	0	0	0	0	0	0	0	0	0	0	0	0	3591
SP49433	178	0	0	0	0	0	0	0	0	0	0	0	0	0	0	0	0	0	0	0	0	6058
SP109384	21	0	705	0	0	0	0	0	0	0	0	0	0	0	0	0	0	0	0	0	0	4706
SP98065	70	0	0	0	0	0	0	0	0	0	0	0	0	0	0	0	3014	0	0	0	0	7372
SP49591	36	3852	705	0	0	0	0	0	0	0	0	0	0	0	0	0	0	0	0	0	0	3044
SP98313	142	0	0	0	0	0	0	0	2739	897	0	0	0	0	0	0	898	0	0	0	0	2666
SP49119	83	0	887	0	0	0	0	0	0	0	0	0	0	0	0	0	0	0	0	0	0	7474
SP109301	63	0	0	0	0	0	0	0	6740	0	0	0	0	0	0	0	0	0	0	0	0	6948
SP115830	208	0	0	0	0	0	0	0	4595	0	0	0	0	0	0	0	0	0	0	0	0	3183
SP49229	341	0	675	0	0	0	0	0	0	0	0	0	0	0	0	0	0	0	0	0	0	4125
SP98853	326	0	0	0	0	0	0	0	0	0	0	0	0	0	0	0	2142	0	0	0	5401	6887
SP98855	162	0	1064	0	0	0	0	0	0	0	0	0	0	0	0	1116	0	0	0	0	0	5229
SP98859	210	0	0	0	0	0	0	0	0	0	0	0	0	0	0	0	0	0	0	0	0	5514
SP98865	251	0	0	0	0	0	0	0	0	0	0	0	0	0	0	0	0	0	0	0	0	3245
SP98871	61	0	594	0	0	0	0	0	0	0	0	0	0	0	0	0	0	0	0	0	0	5666
SP98867	40	0	0	0	0	0	0	0	0	0	0	0	0	0	0	2613	1774	0	0	0	0	6912
SP98877	41	0	0	0	0	0	0	0	0	0	0	0	0	0	0	3335	1589	0	0	0	0	5759
SP98889	146	0	1424	0	0	0	0	0	0	0	0	0	0	0	0	2074	0	0	0	0	0	9015
SP98887	24	0	1328	0	0	0	0	0	0	0	0	0	0	0	0	3305	0	0	0	0	0	11395
SP98851	291	0	0	0	0	0	0	0	0	0	0	0	0	0	0	0	0	0	0	0	0	2883
SP98833	288	0	0	0	0	0	0	0	3307	0	0	0	0	0	0	887	0	0	0	0	0	1201
SP98883	32	0	1386	0	0	0	0	0	0	0	0	0	0	0	0	0	0	0	0	0	0	8793
SP98849	142	0	739	0	0	0	0	0	0	0	0	0	0	0	0	0	0	0	0	0	370	3956
SP98869	95	0	0	0	0	0	0	0	0	0	0	0	0	0	0	0	0	0	0	0	0	4805
SP98847	33	0	691	0	0	0	0	0	0	0	0	0	0	0	0	1484	0	0	0	0	0	4887
SP98881	48	0	0	0	0	0	0	0	0	0	0	0	0	0	0	0	0	0	0	0	1210	9193
SP98841	30	0	1079	0	0	0	0	0	0	0	0	0	0	0	0	0	0	0	0	0	0	6835
SP98845	636	0	0	0	0	0	0	5438	0	0	0	0	4614	0	2014	0	0	0	0	0	0	6117
SP98839	41	0	1130	0	0	0	0	0	0	0	0	0	0	0	0	1258	0	0	0	0	0	5948
SP98863	166	0	0	0	0	0	0	0	0	0	0	0	0	0	0	0	0	0	0	0	0	3869
SP98891	118	0	0	0	0	0	0	0	0	0	3055	0	0	0	0	5245	2719	0	0	0	0	6795
SP98885	74	0	0	0	0	0	0	0	0	0	0	0	0	0	0	4851	2389	0	0	0	1770	6853
SP107050	63	0	0	0	0	0	0	0	0	0	0	0	0	0	0	2659	0	0	0	0	0	6942
SP107052	17	0	732	0	0	0	0	0	0	0	0	0	0	0	0	1206	0	0	0	0	0	6292
SP107060	51	0	1185	0	0	0	0	0	0	0	0	0	0	0	0	1807	0	0	0	0	0	7888
SP99279	140	0	0	1170	0	0	0	0	0	0	0	0	0	0	0	4974	0	0	0	0	0	7324
SP107068	121	0	0	0	0	0	0	0	0	0	0	0	0	0	0	2298	0	0	0	0	0	6178
SP107071	50	0	0	0	0	0	0	0	0	0	0	0	0	0	0	5057	0	0	0	2475	1663	9458
SP99003	157	0	0	0	0	0	0	0	4440	0	0	0	352	0	0	2170	1453	0	0	0	0	3593
SP107076	147	0	0	0	0	0	0	0	13276	0	0	0	0	0	0	9795	0	0	1012	0	2565	5060
SP107078	65	0	578	0	0	0	0	0	0	0	0	0	0	0	0	700	0	0	0	0	0	3988
SP107080	256	0	0	0	0	0	0	0	7724	0	0	0	0	0	0	4325	0	0	0	0	1287	1455
SP107084	266	0	0	0	0	0	0	0	8225	0	0	0	0	0	0	2319	0	0	0	0	0	2594
SP107088	148	0	0	0	0	0	0	0	0	0	0	0	0	0	0	447	0	0	0	0	0	4339
SP107091	205	0	0	0	0	0	0	0	0	0	0	0	0	0	0	1488	1651	0	0	0	0	5919
SP107094	17	0	743	0	0	0	0	0	0	0	0	0	0	0	0	1279	0	0	0	0	0	5343
SP112224	80	0	0	0	0	0	0	0	0	0	0	0	0	0	0	2145	1706	0	0	0	0	6833
SP107097	126	0	0	0	0	0	0	0	0	0	0	0	0	0	0	2304	1560	0	0	0	0	5293
SP98900	203	0	570	0	0	0	0	0	2945	0	0	0	0	0	0	0	0	140	498	0	0	5352
SP107109	141	0	492	0	0	0	0	0	0	0	0	0	0	0	0	0	0	0	0	0	0	4150
SP107111	257	0	0	0	0	0	0	0	5567	0	0	0	0	0	0	3421	0	0	0	2185	712	1568
SP107115	31	0	0	0	0	0	0	0	0	0	0	0	0	0	0	0	0	0	0	0	0	431
SP98904	143	0	0	0	0	0	0	0	0	0	0	0	0	0	0	1971	0	0	0	0	0	6293
SP107121	137	0	0	0	0	0	0	0	0	0	0	0	0	0	0	0	0	0	0	0	3044	17923
SP107123	15	0	1497	0	0	0	0	0	0	0	0	0	0	0	0	2701	0	0	0	0	0	6727
SP107136	54	0	0	0	0	0	0	0	0	0	0	0	0	0	0	1789	2268	0	0	0	1230	8443
SP107141	65	0	436	0	0	0	0	0	0	0	0	0	0	0	0	789	0	0	0	0	0	3419
SP98913	198	0	0	0	0	0	0	0	0	0	0	0	0	0	0	2339	0	0	0	0	0	9812
SP107146	91	0	0	0	0	0	0	0	0	0	0	0	0	0	0	2351	2736	0	0	0	0	7370
SP107150	52	0	0	0	0	0	0	0	0	0	0	0	0	0	0	1714	1212	0	0	0	0	5857
SP107152	73	0	0	0	0	0	0	0	0	0	0	0	0	0	0	2893	2372	0	0	0	0	8003
SP98921	57	0	943	0	0	0	0	0	0	0	0	0	0	0	0	3027	0	0	0	0	0	5817
SP112130	152	0	0	0	0	0	0	0	0	0	0	0	0	0	0	2450	1568	0	0	0	0	4960
SP98925	242	0	0	0	0	0	0	0	1892	0	0	0	0	0	0	0	0	0	0	0	0	3684
SP112138	164	0	790	0	0	0	0	0	0	0	0	0	0	0	0	0	0	0	0	0	0	5525
SP112147	29	0	0	0	0	0	0	0	0	0	0	0	0	0	0	1981	0	0	0	0	0	8501
SP112152	177	0	0	0	0	0	0	0	0	0	0	0	0	0	0	698	0	0	0	0	0	6764
SP112156	27	0	0	0	0	0	0	0	0	0	0	0	0	0	0	1964	0	0	0	0	0	7305
SP98933	83	0	993	0	0	0	0	0	0	0	0	0	0	0	0	2767	0	0	0	0	0	7764
SP112160	26	0	1436	0	0	0	0	0	0	0	0	0	0	0	0	2414	0	0	0	0	0	6919
SP112165	117	0	930	0	0	0	0	0	0	0	0	0	0	0	0	1088	0	0	0	0	0	5739
SP112168	130	0	0	0	0	0	0	0	0	0	0	0	0	0	0	3998	3264	0	0	0	0	11096
SP98941	23	0	0	0	0	0	0	0	0	0	0	0	0	0	0	2319	6063	0	0	0	0	10936
SP112170	44	0	0	0	0	0	0	0	0	0	1009	0	0	0	0	3144	3307	0	0	0	0	10204
SP112174	67	0	0	0	0	0	0	0	0	0	0	0	0	0	0	0	0	0	0	769	0	4801
SP98945	98	0	0	0	0	0	0	0	2476	0	0	0	0	0	0	1680	0	0	0	0	0	1107
SP112182	51	0	1281	0	0	0	0	0	0	0	0	0	0	0	0	2536	0	0	0	0	0	6199
SP98953	180	0	0	0	0	0	0	0	0	0	0	0	0	0	0	1429	2921	0	0	0	0	9251
SP98955	85	0	0	0	0	0	0	0	9069	0	0	0	0	0	0	3181	2017	0	0	0	0	7024
SP112188	53	0	0	0	0	0	0	0	0	0	11975	0	0	0	0	0	0	0	0	0	0	8585
SP98959	32	0	605	0	0	0	0	0	0	0	0	0	0	0	0	0	0	0	0	0	0	5681
SP112198	145	0	0	0	0	0	0	0	0	0	0	0	0	0	0	2164	1776	0	0	0	960	5530
SP98965	148	0	0	0	0	0	0	0	0	0	0	0	0	0	0	1672	2500	0	0	0	0	7568
SP112205	25	0	1027	0	0	0	0	0	0	0	0	0	0	0	0	2274	0	0	0	0	0	8670
SP98967	65	0	0	0	0	0	0	0	0	0	0	0	0	0	0	0	1275	0	0	0	0	4803
SP112210	95	0	0	0	0	0	0	0	0	0	0	0	0	0	0	2771	0	0	0	0	0	11816
SP112211	58	0	0	0	0	0	0	0	0	0	0	0	0	0	0	2962	0	0	0	0	0	12954
SP112213	160	0	0	0	0	0	0	0	0	0	0	0	0	0	0	3867	3663	0	0	0	0	8623
SP50097	89	0	0	0	0	0	0	0	0	0	0	0	0	0	0	4748	0	0	0	7231	0	9932
SP112217	169	0	0	0	0	0	0	0	0	0	0	0	0	0	0	4077	3736	0	0	0	0	9830
SP112228	48	0	0	0	0	0	0	0	0	0	0	0	0	0	0	2473	0	0	0	0	880	8342
SP98981	120	0	0	0	0	0	0	0	3643	0	0	0	0	0	0	1339	0	0	0	0	0	2452
SP112234	38	0	0	0	0	0	0	0	0	0	0	0	0	0	0	5520	3526	0	0	0	0	10188
SP112237	22	0	787	0	0	0	0	0	0	0	0	0	0	0	0	0	0	0	0	0	0	6104
SP98989	86	0	0	0	0	1965	0	0	0	0	0	0	0	0	0	0	0	0	0	0	0	3867
SP112245	152	0	0	0	0	0	0	0	2275	0	0	0	0	0	0	1069	0	0	0	0	0	2016
SP98991	29	0	1036	0	0	0	0	0	0	0	0	0	0	0	0	0	0	0	0	0	0	4873
SP112248	272	0	0	0	0	0	0	0	4840	0	0	0	0	0	0	3327	0	0	0	0	1584	2070
SP99001	11	0	990	0	0	0	0	0	0	0	0	0	0	0	0	1179	0	0	0	0	0	5290
SP112257	29	0	211	0	0	0	0	0	0	0	0	0	0	0	0	0	0	0	0	0	0	2124
SP99007	103	0	0	0	0	0	0	0	0	0	0	0	0	0	0	0	0	0	0	0	0	6526
SP50101	13	0	1053	565	0	0	0	0	0	0	0	0	0	0	0	596	0	0	0	0	0	6519
SP112265	186	0	0	0	0	0	0	0	3485	0	0	0	0	0	0	0	0	0	0	0	859	2621
SP112269	37	0	0	0	0	0	0	0	0	0	0	0	0	0	0	1926	3750	0	0	0	0	11087
SP99013	238	0	0	0	0	0	0	0	4633	0	0	0	0	0	0	1297	0	0	0	0	0	2760
SP112276	27	0	650	0	0	0	0	0	0	0	0	0	0	0	0	1105	0	0	0	0	0	5171
SP99019	54	0	1468	0	0	0	0	0	0	0	0	0	0	0	0	1163	0	0	0	0	0	6965
SP99021	73	0	0	0	0	0	0	0	0	0	0	0	0	0	0	3412	0	0	0	0	0	6791
SP112288	89	0	0	0	0	0	0	0	0	0	0	0	0	0	0	1894	0	0	0	0	0	7373
SP99029	39	0	0	0	0	0	0	0	0	0	0	0	0	0	0	5183	3277	0	0	0	0	8821
SP99033	13	0	0	0	0	0	0	0	0	0	0	0	0	0	0	4855	4408	0	0	0	0	6884
SP112300	239	0	1485	0	0	0	0	0	0	0	0	0	0	0	0	0	0	0	0	0	0	4543
SP112310	152	0	0	0	0	0	0	0	0	0	0	0	0	0	0	5781	0	0	0	0	0	12009
SP99057	122	0	0	0	0	0	0	0	0	0	0	0	0	0	0	0	0	0	0	0	188	2162
SP99061	103	0	0	0	0	0	0	0	0	0	0	0	0	0	0	2457	0	0	0	7012	0	9258
SP99065	61	0	0	0	0	0	0	0	0	0	0	0	0	0	0	0	0	0	0	0	687	7994
SP50111	239	0	1466	0	0	0	0	0	0	0	0	0	0	0	0	0	0	0	0	0	0	7554
SP99077	18	0	1330	0	0	0	0	0	0	0	0	0	0	0	0	963	0	0	0	0	0	6345
SP99081	74	0	1168	0	0	0	0	0	0	0	0	0	0	0	0	2812	0	0	0	0	0	6604
SP99085	108	0	1702	0	0	0	0	0	0	0	0	0	0	0	0	1982	0	0	0	0	0	8522
SP99089	70	0	829	0	0	0	0	0	0	0	0	0	0	0	0	0	0	0	0	0	0	7286
SP99097	154	0	0	0	0	0	0	0	0	0	0	0	0	0	0	0	0	0	0	0	0	2623
SP99101	475	0	0	0	0	0	0	0	0	0	0	0	0	0	0	0	1279	0	0	0	0	4591
SP99105	73	0	805	0	0	0	0	0	0	0	0	0	0	0	0	0	0	0	0	0	0	4369
SP99109	184	0	0	0	0	0	0	0	0	0	0	0	0	0	0	2177	0	0	0	5665	0	7082
SP50113	73	0	0	2046	0	0	0	0	0	0	0	0	0	0	0	7534	0	0	0	8668	0	9142
SP50117	120	0	0	0	0	0	0	0	4250	0	0	0	0	0	0	0	0	0	0	0	0	6322
SP99121	152	0	0	0	0	0	0	0	0	0	0	0	0	0	0	6509	2517	0	0	0	0	6575
SP99129	44	0	0	0	0	0	0	0	0	0	0	0	0	0	0	0	0	0	0	0	1667	13745
SP99133	11	0	0	0	0	0	0	0	0	0	0	0	0	0	0	3263	0	0	0	0	0	8412
SP99137	389	0	0	0	0	0	0	0	8867	0	0	0	0	0	0	4790	0	0	0	0	1179	1177
SP50121	57	0	0	0	0	0	0	0	0	0	0	0	0	0	0	1761	0	0	0	1263	0	6314
SP50123	44	0	1795	0	0	0	0	0	0	0	0	0	0	0	0	3146	0	0	0	0	0	9456
SP99141	225	0	0	0	0	0	0	0	6166	0	0	0	0	0	0	2473	0	209	605	0	0	1763
SP99145	867	0	0	0	0	0	0	0	0	0	0	0	0	0	0	0	0	0	0	0	0	4998
SP99149	17	0	0	0	0	0	0	0	0	0	0	0	0	0	0	3288	0	0	0	0	0	10036
SP50129	32	0	1311	0	0	0	0	0	0	0	0	0	0	0	0	1996	0	0	0	0	0	6263
SP99153	64	0	0	0	0	0	0	0	0	0	0	0	0	0	0	3156	1125	0	0	0	0	3626
SP99157	276	0	0	0	0	0	0	0	0	0	0	0	0	0	0	864	0	0	0	0	0	7670
SP99161	63	0	888	0	0	0	0	0	0	0	0	0	0	0	0	1029	0	0	0	0	0	5912
SP99165	106	0	1488	0	0	0	0	0	0	0	0	0	0	0	0	2183	0	0	0	0	0	7621
SP50131	264	0	0	0	0	0	0	0	9539	0	0	0	0	0	0	4364	0	0	0	0	0	4677
SP50133	158	0	0	0	0	0	0	0	0	0	0	0	0	0	0	2635	0	0	0	906	0	3796
SP50135	109	0	0	0	0	0	0	0	0	0	0	0	0	0	0	2030	1455	0	0	0	0	7060
SP50137	242	0	0	0	0	0	0	0	0	0	0	0	0	0	0	0	0	0	0	0	0	3780
SP99177	268	0	0	0	0	0	0	0	0	0	0	0	0	0	0	4619	0	0	0	0	0	8394
SP99193	54	0	980	0	0	0	0	0	0	0	0	0	0	0	0	3005	0	0	0	0	0	5283
SP50145	11	0	921	0	0	0	0	0	0	0	0	0	0	0	0	968	0	0	0	0	0	5302
SP107012	788	0	0	0	0	0	0	10159	0	0	0	0	12182	0	4487	0	0	0	0	0	0	16505
SP107017	142	0	0	0	0	0	0	0	0	0	0	0	0	0	0	881	1735	0	0	0	0	5324
SP107019	209	0	0	0	0	0	0	0	0	0	0	0	0	0	0	1486	2175	0	0	0	0	6373
SP107023	237	0	0	0	0	0	0	0	3651	0	0	0	0	0	0	2101	0	0	204	0	0	2531
SP99197	475	0	0	0	0	0	0	0	16671	0	0	0	0	0	0	2801	0	343	1811	0	0	1387
SP99201	96	0	634	0	0	0	0	0	0	0	0	0	0	0	0	0	0	0	0	0	0	4555
SP50157	119	0	1023	0	0	0	0	0	0	0	0	0	0	0	0	1259	0	0	0	0	0	6482
SP50159	67	0	0	0	0	0	0	0	0	0	0	0	0	0	0	1577	2610	0	0	0	0	7822
SP107028	45	0	0	0	0	0	0	0	0	0	0	0	0	0	0	2745	2091	0	0	0	0	5558
SP50163	97	0	0	0	0	0	0	0	0	0	0	0	0	0	0	4831	0	0	0	2091	0	7304
SP99217	39	0	0	427	0	0	0	0	0	0	0	0	0	0	0	0	0	0	0	0	0	5796
SP107030	52	0	0	0	0	0	0	0	0	0	0	0	0	0	0	2505	1828	0	0	0	0	5789
SP50167	14	0	0	0	0	0	0	0	0	0	0	0	0	0	0	2820	2355	0	0	0	0	8561
SP99229	281	0	0	0	0	0	0	0	0	0	0	0	0	0	0	905	926	0	0	0	0	4475
SP99233	163	0	0	0	0	0	0	0	3644	0	0	0	0	0	0	0	0	0	0	0	728	2799
SP50171	36	0	0	0	0	0	0	0	0	0	0	0	0	0	0	4893	3092	0	0	0	0	9709
SP107034	41	0	0	0	0	0	0	0	0	0	0	0	0	0	0	2365	0	0	0	0	0	6517
SP50179	142	0	0	0	0	0	0	0	0	0	0	0	0	0	0	2922	1679	0	0	0	0	6697
SP99237	324	0	0	0	0	0	0	0	3294	0	0	0	0	0	0	1016	0	0	0	0	0	2793
SP107041	179	0	1136	0	0	0	0	0	0	0	0	0	0	0	0	2555	0	0	0	0	0	4839
SP99249	70	0	0	0	0	0	0	0	0	0	0	0	0	0	0	1242	1289	0	0	0	0	5369
SP99257	293	0	0	1032	0	0	0	0	7474	0	0	0	0	0	0	6714	0	0	0	0	0	2687
SP107044	61	0	562	0	0	0	0	0	0	0	0	0	0	0	0	1119	0	0	0	0	0	4118
SP50185	33	0	0	0	0	0	0	0	0	0	0	0	0	0	0	0	1537	0	0	0	0	6428
RK018_C01	16	0	0	0	444	0	0	0	0	0	0	0	0	0	0	301	0	0	0	0	0	545
RK283_C01	15	0	0	0	0	0	0	0	0	0	0	0	0	0	0	0	0	0	0	0	0	511
RK316_C01	143	0	0	0	0	221	0	0	0	0	0	0	0	0	0	0	0	0	0	0	0	1179
CHC018T	1094	0	0	0	0	2296	0	0	0	0	0	0	0	0	0	0	0	0	0	0	0	17171
CHC255T	605	0	0	0	10697	0	0	0	0	0	0	0	0	0	0	5568	0	0	0	0	0	9455
CHC304T	271	0	0	0	8636	2821	0	0	0	0	0	0	0	0	0	2980	0	0	0	0	2468	11085
CHC309T	249	0	0	0	3717	1007	0	0	0	0	0	0	0	0	0	992	0	0	0	0	0	6171
CHC314T	525	0	0	0	5449	1549	0	0	0	0	0	0	0	0	0	0	0	0	0	0	1274	15972
CHC334T	280	0	0	0	1891	0	0	0	0	0	0	0	0	0	0	0	0	0	0	0	0	4162
CHC442T	443	0	0	0	3086	0	0	0	0	0	0	0	0	0	0	0	0	0	0	0	0	5476
CHC906T	625	0	0	0	9454	0	0	0	0	0	0	0	0	0	0	0	0	0	0	0	0	17439
HX19T	122	0	0	0	5788	1629	0	0	0	0	0	0	0	0	0	0	0	0	0	0	0	4422
HX5T	92	0	0	0	2566	0	0	0	0	0	0	0	0	0	0	0	0	0	0	0	0	5658
HX9T	182	0	0	0	2983	0	0	0	0	0	0	0	0	0	0	1596	0	0	0	0	0	2711
RK040_C01	35	0	0	0	0	1236	0	0	0	0	0	0	0	0	0	2410	0	0	0	0	0	6419
RK194_C01	212	0	0	0	0	0	0	0	0	0	0	0	0	0	0	0	0	0	0	0	284	2765
RK212_C01	102	0	0	0	4025	1265	0	0	0	0	0	0	0	0	0	1910	0	0	0	0	1376	3812
Sample090	20	2040	0	0	2381	1143	0	0	0	0	0	0	0	0	0	0	0	0	0	0	0	2741
mod_sample116	121	0	0	0	1213	594	0	0	0	0	0	0	0	0	0	0	0	0	0	0	0	1673
mod_sample146	1670	0	0	0	0	0	0	0	0	0	0	0	0	0	0	0	0	0	0	0	0	15313
mod_sample152	1723	0	0	0	0	0	0	0	0	0	0	0	0	0	0	0	0	0	0	0	0	15529
mod_sample156	1566	0	0	0	0	0	0	0	0	0	0	0	0	0	0	0	0	0	0	0	0	14137
mod_sample17	26	0	0	0	1195	0	0	0	0	0	0	0	0	0	0	0	0	0	0	0	0	1813
mod_sample27	1607	0	0	0	0	0	0	0	0	0	0	0	0	0	0	0	0	0	0	0	0	15441
mod_sample53	36	0	0	984	0	457	0	0	0	0	0	0	0	0	0	0	0	0	0	0	0	2378
mod_sample62	26	375	0	0	0	0	0	0	0	0	0	0	0	0	0	0	0	0	0	387	0	2596
sample101	16	0	0	299	0	0	0	0	0	0	0	0	0	0	0	0	0	0	0	0	0	1375
sample158	1712	0	0	0	0	0	0	0	0	0	0	0	0	0	0	0	0	0	0	0	0	14569
sample165	1750	0	0	0	0	0	0	0	0	0	0	0	0	0	0	0	0	0	0	0	0	15267
sample166	1636	0	0	0	0	0	0	0	0	0	0	0	0	0	0	0	0	0	0	0	0	12421
sample179	57	0	0	0	0	246	0	0	0	0	0	0	0	0	0	0	0	0	0	0	0	1062
sample186	88	0	0	0	0	413	0	0	0	0	0	0	0	0	0	0	0	0	0	0	195	2341
sample200	35	0	0	0	0	475	0	0	0	0	0	0	0	0	0	0	0	0	0	0	0	1855
sample207	48	0	0	0	759	328	0	0	0	0	0	0	0	0	0	0	0	0	0	0	0	1557
sample21	40	0	0	0	781	0	0	0	0	0	0	0	0	0	0	0	0	0	0	0	0	745
sample25	1209	0	0	0	0	0	0	0	0	0	0	0	0	0	0	0	0	0	0	0	0	14498
sample268	36	0	0	0	0	277	0	0	0	0	0	0	0	0	0	0	0	0	0	0	0	2071
sample272	16	0	0	0	0	0	0	0	0	0	0	0	0	0	0	0	0	0	0	0	0	367
sample45	22	0	0	355	0	0	0	0	0	0	0	0	0	0	0	0	0	0	0	0	0	1576
sample49	29	0	0	0	1366	464	0	0	0	0	0	0	0	0	0	0	0	0	0	0	0	2165
sample70	22	0	805	0	0	0	0	0	0	0	0	0	0	0	0	0	0	0	0	0	0	2560
Sample029	0	1900	0	0	3550	0	0	0	0	0	0	0	0	0	0	0	0	0	0	0	0	3110
Sample035	0	801	0	0	1024	0	0	0	0	0	0	0	0	0	0	0	0	0	0	0	0	1354
Sample067	0	1793	0	1306	0	676	0	0	0	0	0	0	0	0	0	0	0	0	0	0	0	3137
Sample113	0	884	0	0	0	319	0	0	0	0	0	0	0	0	0	0	0	0	0	0	0	1165
Sample169	0	1018	2350	0	0	0	0	0	0	0	0	0	0	0	0	0	0	0	0	0	0	2520
mod_sample115	0	367	0	760	0	0	0	0	0	0	0	0	0	0	0	0	0	0	0	0	311	2826
mod_sample126	0	347	0	0	1169	0	0	0	0	0	0	0	0	0	0	0	0	0	0	0	0	1560
sample181	0	446	0	0	1204	0	0	0	0	0	0	0	0	0	0	0	0	0	0	0	0	2806
sample182	0	593	0	0	0	0	0	0	0	0	0	0	0	0	0	0	0	0	0	0	666	3681
sample203	0	1414	0	0	0	0	0	0	0	0	0	0	0	0	0	0	0	0	0	0	0	4642
SP50177	0	0	749	1711	0	0	0	0	0	0	0	0	0	0	0	0	0	0	0	0	0	7891
SP97685	0	0	1229	0	0	0	0	0	0	0	0	0	0	0	0	0	0	0	0	0	1839	6806
SP49247	0	0	1891	2188	0	0	0	0	0	0	0	0	0	0	0	0	0	0	0	0	0	11066
SP49328	0	0	1430	0	0	0	0	0	0	0	0	0	0	0	0	0	0	0	0	0	0	9396
SP49417	0	0	1497	0	0	0	0	0	0	0	0	0	0	0	0	0	0	0	0	0	0	9182
SP49157	0	0	1504	0	0	0	0	0	0	0	0	0	0	0	0	0	0	0	0	0	0	11791
SP98096	0	0	1795	0	0	0	0	0	0	0	0	0	0	0	0	0	0	0	0	0	0	11759
SP49385	0	0	961	0	0	0	0	0	2204	0	0	0	0	0	0	0	0	0	0	0	0	5729
SP98861	0	0	2397	0	0	0	0	0	0	0	0	0	0	0	0	0	0	0	0	0	0	14240
SP98875	0	0	1336	0	0	0	0	0	0	0	0	0	0	0	0	0	0	0	0	0	0	9886
SP98893	0	0	2130	0	0	0	0	0	0	0	0	0	0	0	0	0	0	0	0	0	0	9792
SP99269	0	0	1352	0	0	0	0	0	0	0	0	0	0	0	0	1584	0	0	0	0	0	7604
SP99271	0	0	888	0	0	0	0	0	0	0	0	0	0	0	0	1745	0	0	0	0	0	6797
SP107063	0	0	558	0	0	0	0	0	0	0	0	0	0	0	0	0	0	0	0	0	0	5256
SP107073	0	0	421	0	0	0	0	0	0	0	0	0	0	0	0	536	0	0	0	0	0	2444
SP98898	0	0	1981	0	0	0	0	0	0	0	0	0	0	0	0	4102	0	0	0	0	0	8510
SP107101	0	0	2802	0	0	0	0	0	0	0	0	0	0	0	0	2393	0	0	0	0	0	17077
SP107104	0	0	1472	0	0	0	0	0	0	0	0	0	0	0	0	2124	0	0	0	0	0	8095
SP107132	0	0	3441	0	0	0	0	0	0	0	0	0	0	0	0	0	0	0	0	0	0	4154
SP98915	0	0	858	0	0	0	0	0	0	0	0	0	0	0	0	1341	0	0	0	0	0	5966
SP107155	0	0	1205	0	0	0	0	0	0	0	0	0	0	0	0	1461	0	0	0	0	732	5541
SP112125	0	0	1721	0	0	0	0	0	0	0	0	0	0	0	0	5571	0	0	0	0	0	7332
SP98927	0	0	1793	0	0	0	0	0	0	0	0	0	0	0	0	3285	0	0	0	0	1288	9128
SP98937	0	0	740	0	0	0	0	0	0	0	0	0	0	0	0	1655	0	0	0	0	607	3697
SP112180	0	0	1887	0	0	0	0	0	0	0	0	0	0	0	0	2255	0	0	0	0	0	7704
SP112208	0	0	1482	0	0	0	0	0	0	0	0	0	0	0	0	0	0	0	0	0	1495	10178
SP98973	0	0	4339	4228	0	0	0	0	0	0	0	0	0	0	0	3994	0	0	0	0	0	15664
SP112215	0	0	1882	0	0	0	0	0	0	0	0	0	0	0	0	4241	0	0	0	0	0	8789
SP98985	0	0	1186	0	0	0	0	0	0	0	0	0	0	0	0	3157	0	0	0	0	0	7815
SP112241	0	0	1569	0	0	0	0	0	0	0	0	0	0	0	0	1500	0	0	0	0	0	7564
SP112252	0	0	1850	0	0	0	0	0	0	0	0	0	0	0	0	1894	0	0	0	0	0	12188
SP112261	0	0	577	0	0	0	0	0	0	0	0	0	0	0	0	0	0	0	0	0	0	5965
SP99011	0	0	3190	0	0	0	0	0	0	0	0	0	0	0	0	4224	0	0	0	0	0	14880
SP112273	0	0	2171	0	0	0	0	0	0	0	0	0	0	0	0	3867	0	0	0	0	0	15428
SP112274	0	0	728	0	0	0	0	0	0	0	0	0	0	0	0	1346	0	0	0	0	0	5612
SP112290	0	0	1906	1071	0	0	0	0	0	0	0	0	0	0	0	3765	0	0	0	0	0	9761
SP99037	0	0	410	0	0	0	0	0	0	0	0	0	0	0	0	0	0	0	0	0	0	3950
SP99041	0	0	1509	0	0	0	0	0	0	0	0	0	0	0	0	2359	0	0	0	0	0	7499
SP99045	0	0	1463	0	0	0	0	0	0	0	0	0	0	0	0	2143	0	0	0	0	0	9668
SP112304	0	0	1300	0	0	0	0	0	0	0	0	0	0	0	0	2124	0	0	0	0	0	8072
SP50107	0	0	2617	0	0	0	0	0	0	0	0	0	0	0	0	2462	0	0	0	0	1659	10973
SP99053	0	0	739	1590	0	0	0	0	0	0	0	0	0	0	0	0	0	0	0	0	0	7735
SP99093	0	0	2298	0	0	0	0	0	0	0	0	0	0	0	0	4776	0	0	0	0	0	13244
SP106998	0	0	2855	0	0	0	0	0	0	0	0	0	0	0	0	2830	0	0	0	0	0	9978
SP99117	0	0	1908	0	0	0	0	0	0	0	0	0	0	0	0	3559	0	0	0	0	0	8531
SP107007	0	0	2104	0	0	0	0	0	0	0	0	0	0	0	0	0	0	0	0	0	0	12816
SP99125	0	0	1428	0	0	0	0	0	0	0	0	0	0	0	0	2017	0	0	0	0	0	9266
SP50125	0	0	2116	0	0	0	0	0	0	0	0	0	0	0	0	1564	0	0	0	0	0	8762
SP99169	0	0	877	0	0	0	0	0	0	0	0	0	0	0	0	2143	0	0	0	0	0	3879
SP50139	0	0	420	0	0	0	0	0	0	0	0	0	0	0	0	0	0	0	0	0	0	6053
SP107010	0	0	1783	0	0	0	0	0	0	0	0	0	0	0	0	2369	0	0	0	0	0	9722
SP99189	0	0	1007	0	0	0	0	0	0	0	0	0	0	0	0	0	0	0	0	0	0	6915
SP50149	0	0	1727	0	0	0	0	0	0	0	0	0	0	0	0	2865	0	0	0	0	0	7810
SP50151	0	0	1228	0	0	0	0	0	0	0	0	0	0	0	0	1521	0	0	0	0	0	7769
SP50155	0	0	2541	0	0	0	0	0	0	0	0	0	0	0	0	4426	0	0	0	0	0	11805
SP50161	0	0	2168	0	0	0	0	0	0	0	0	0	0	0	0	3434	0	0	0	0	0	12107
SP50165	0	0	1572	0	0	0	0	0	0	0	0	0	0	0	0	2705	0	0	0	0	0	8996
SP107032	0	0	599	0	0	0	0	0	0	0	0	0	0	0	0	1247	0	0	0	0	0	3208
SP50169	0	0	1852	2288	0	0	0	0	0	0	0	0	0	0	0	3864	0	0	0	0	0	9858
SP50173	0	0	1287	0	0	0	0	0	0	0	0	0	0	0	0	1826	0	0	0	0	0	7261
SP50181	0	0	1331	0	0	0	0	0	0	0	0	0	0	0	0	2008	0	0	0	0	0	7041
SP99253	0	0	1435	0	0	0	0	0	0	0	0	0	0	0	0	1964	0	0	0	0	0	8534
HCC110T	0	0	269	0	346	111	0	0	0	0	0	0	0	0	0	0	0	0	0	0	0	154
HCC116T	0	0	1944	0	0	1254	0	0	0	0	0	0	0	0	0	0	0	0	0	0	0	1330
HCC118T	0	0	1487	0	0	968	0	0	0	0	0	0	0	0	0	0	0	0	0	0	0	760
HCC121T	0	0	1946	0	0	1043	0	0	0	0	0	0	0	0	0	0	0	0	0	0	0	770
HCC122T	0	0	1952	0	0	1217	0	0	0	0	0	0	0	0	0	0	0	0	0	0	0	1754
Sample084	0	0	6881	2188	0	0	0	0	0	0	0	0	0	0	0	0	0	0	0	0	0	5798
sample039	0	0	687	0	0	0	0	0	0	0	0	0	0	0	0	0	0	0	0	0	0	2394
sample260	0	0	497	508	0	0	0	0	0	0	0	0	0	0	0	0	0	0	0	0	0	1600
sample30	0	0	188	292	0	0	0	0	0	0	0	0	0	0	0	0	0	0	0	0	0	1522
sample92	0	0	1333	0	0	0	0	0	0	0	0	0	0	0	0	0	0	0	0	0	0	4808
RK018	0	0	164	0	0	0	0	0	0	0	0	0	0	0	0	321	0	0	0	0	0	915
SP97775	0	0	0	7429	0	0	0	0	0	0	0	0	0	0	0	5688	9351	0	0	0	0	13579
SP106631	0	0	0	2581	0	0	0	0	0	0	0	0	0	0	0	2503	2876	0	0	0	0	11014
SP98289	0	0	0	18357	0	0	0	0	0	0	0	0	0	0	0	0	0	0	0	0	0	11524
SP50109	0	0	0	1480	0	0	0	0	0	0	0	0	0	0	0	0	1202	0	0	0	1337	7567
mod_sample114	0	0	0	290	0	0	0	0	0	0	0	0	0	0	0	0	0	0	0	0	0	673
mod_sample122	0	0	0	1072	0	0	0	0	0	0	0	0	0	0	0	0	0	0	0	0	0	2042
mod_sample145	0	0	0	1121	0	641	0	0	0	0	0	0	0	0	0	0	0	0	0	0	0	2777
mod_sample41	0	0	0	47033	0	0	0	0	0	0	0	0	0	0	0	0	0	0	0	0	0	4743
mod_sample43	0	0	0	844	583	0	0	0	0	0	0	0	0	0	0	0	0	0	0	0	0	2968
mod_sample81	0	0	0	2491	0	712	0	0	0	0	0	0	0	0	0	0	0	0	0	0	0	3331
sample108	0	0	0	377	488	0	0	0	0	0	0	0	0	0	0	0	0	0	0	0	0	1380
sample14	0	0	0	534	0	487	0	0	0	0	0	0	0	0	0	0	0	0	0	0	0	2384
sample177	0	0	0	1246	0	0	0	0	0	0	0	0	0	0	0	0	0	0	0	0	629	5680
sample198	0	0	0	677	0	560	0	0	0	0	0	0	0	0	0	0	0	0	0	0	0	1992
sample261	0	0	0	961	0	0	0	0	0	0	0	0	0	0	0	0	0	0	0	597	0	3412
sample267	0	0	0	1537	0	0	0	0	0	0	0	0	0	0	0	0	0	0	0	0	0	2335
sample64	0	0	0	234	259	0	0	0	0	0	0	0	0	0	0	0	0	0	0	0	0	622
sample79	0	0	0	893	0	790	0	0	0	0	0	0	0	0	0	0	0	0	0	0	0	2160
mod_sample11	0	0	0	0	2054	0	0	0	0	0	0	0	0	0	0	643	0	0	0	0	0	3051
sample172	0	0	0	0	1431	0	0	0	0	0	0	0	0	0	0	0	0	0	0	0	0	1712
sample193	0	0	0	0	774	280	0	0	0	0	0	0	0	0	0	0	0	0	0	0	0	1349
sample32	0	0	0	0	2744	1885	0	0	0	0	0	0	0	0	0	904	0	0	0	930	0	2426
sample36	0	0	0	0	1665	779	0	0	0	0	0	0	0	0	0	0	0	0	0	0	0	1975
sample46	0	0	0	0	3181	931	0	0	0	0	0	0	0	0	0	0	0	0	0	0	0	1689
sample60	0	0	0	0	1614	1114	0	0	0	0	0	0	0	0	0	0	0	0	0	730	0	3132
sample98	0	0	0	0	512	0	0	0	0	0	0	0	0	0	0	0	0	0	0	0	0	1102
RK165_C01	0	0	0	0	0	1012	0	0	0	0	0	0	0	0	0	2920	0	0	0	0	0	6461
RK182_C01	0	0	0	0	0	933	0	0	0	0	0	0	0	0	0	2313	0	0	0	0	0	5588
mod_sample58	0	0	0	0	0	326	0	0	0	0	0	0	0	0	0	0	0	0	0	0	0	2200
sample26	0	0	0	0	0	946	0	0	0	0	0	0	0	0	0	0	0	0	0	888	0	4017
sample266	0	0	0	0	0	1060	0	0	0	0	0	0	0	0	0	0	0	0	0	1120	0	3898
sample273	0	0	0	0	0	1187	0	0	0	0	0	0	0	0	0	0	0	0	0	0	0	5105
sample276	0	0	0	0	0	587	0	0	0	0	0	0	0	0	0	0	0	0	0	453	0	3514
sample38	0	0	0	0	0	601	0	0	0	0	0	0	0	0	0	0	0	0	0	449	0	2241
SP112186	0	0	0	0	0	0	2960	0	0	0	0	0	0	0	730	0	0	0	0	0	0	8085
SP98078	0	0	0	0	0	0	0	0	3669	0	0	0	0	0	0	0	2014	0	0	0	0	9731
SP112141	0	0	0	0	0	0	0	0	0	0	3015	0	0	0	0	4753	0	0	0	0	0	13138
SP98843	0	0	0	0	0	0	0	0	0	0	0	0	0	1689	0	0	0	0	0	0	0	8096
SP98879	0	0	0	0	0	0	0	0	0	0	0	0	0	0	0	1478	2438	0	0	0	0	9547
SP98873	0	0	0	0	0	0	0	0	0	0	0	0	0	0	0	3271	1843	0	0	0	0	8302
SP107047	0	0	0	0	0	0	0	0	0	0	0	0	0	0	0	2627	4295	0	0	0	0	9176
SP99261	0	0	0	0	0	0	0	0	0	0	0	0	0	0	0	1567	0	0	0	0	0	11577
SP107056	0	0	0	0	0	0	0	0	0	0	0	0	0	0	0	5763	0	0	0	0	0	14870
SP98896	0	0	0	0	0	0	0	0	0	0	0	0	0	0	0	4720	3468	0	0	0	0	14721
SP98902	0	0	0	0	0	0	0	0	0	0	0	0	0	0	0	3055	2478	0	0	0	0	11239
SP107119	0	0	0	0	0	0	0	0	0	0	0	0	0	0	0	3082	0	0	0	0	0	10681
SP98909	0	0	0	0	0	0	0	0	0	0	0	0	0	0	0	3503	3396	0	0	0	0	13229
SP98907	0	0	0	0	0	0	0	0	0	0	0	0	0	0	0	5245	4370	0	0	0	0	12158
SP98949	0	0	0	0	0	0	0	0	0	0	0	0	0	0	0	2508	3849	0	0	0	0	11787
SP112190	0	0	0	0	0	0	0	0	0	0	0	0	0	0	0	3726	4886	0	0	0	1911	11892
SP112192	0	0	0	0	0	0	0	0	0	0	0	0	0	0	0	4827	0	0	0	0	0	12404
SP112194	0	0	0	0	0	0	0	0	0	0	0	0	0	0	0	3906	0	0	0	0	0	10737
SP112201	0	0	0	0	0	0	0	0	0	0	0	0	0	0	0	1554	0	0	0	0	0	5358
SP98975	0	0	0	0	0	0	0	0	0	0	0	0	0	0	0	1726	0	0	0	0	0	8873
SP112219	0	0	0	0	0	0	0	0	0	0	0	0	0	0	0	3715	0	0	0	0	0	14869
SP112221	0	0	0	0	0	0	0	0	0	0	0	0	0	0	0	1131	1814	0	0	0	0	5459
SP50099	0	0	0	0	0	0	0	0	0	0	0	0	0	0	0	3413	0	0	0	0	0	12297
SP112051	0	0	0	0	0	0	0	0	0	0	0	0	0	0	0	3102	3080	0	0	0	0	11738
SP98997	0	0	0	0	0	0	0	0	0	0	0	0	0	0	0	8474	6976	0	0	0	0	15336
SP50105	0	0	0	0	0	0	0	0	0	0	0	0	0	0	0	2075	2538	0	0	0	0	7903
SP112283	0	0	0	0	0	0	0	0	0	0	0	0	0	0	0	1158	0	0	0	0	1476	6457
SP99025	0	0	0	0	0	0	0	0	0	0	0	0	0	0	0	3900	0	0	0	0	0	8839
SP99049	0	0	0	0	0	0	0	0	0	0	0	0	0	0	0	2265	2465	0	0	0	1397	9816
SP99069	0	0	0	0	0	0	0	0	0	0	0	0	0	0	0	2590	2545	0	0	0	0	9136
SP99073	0	0	0	0	0	0	0	0	0	0	0	0	0	0	0	1480	0	0	0	0	1055	8180
SP50115	0	0	0	0	0	0	0	0	0	0	0	0	0	0	0	1476	0	0	0	0	0	11908
SP107004	0	0	0	0	0	0	0	0	0	0	0	0	0	0	0	3648	0	0	0	0	0	12474
SP50119	0	0	0	0	0	0	0	0	0	0	0	0	0	0	0	5420	0	0	0	0	0	11629
SP99173	0	0	0	0	0	0	0	0	0	0	0	0	0	0	0	4740	3732	0	0	0	0	10461
SP50147	0	0	0	0	0	0	0	0	0	0	0	0	0	0	0	1641	3205	0	0	0	0	11115
SP50153	0	0	0	0	0	0	0	0	0	0	0	0	0	0	0	5731	0	0	0	0	0	11740
SP107025	0	0	0	0	0	0	0	0	0	0	0	0	0	0	0	2321	0	0	0	0	1573	9171
RK093_C01	0	0	0	0	0	0	0	0	0	0	0	0	0	0	0	141	0	0	0	0	0	347
sample274	0	0	0	0	0	0	0	0	0	0	0	0	0	0	0	721	0	0	0	0	534	2809
SP49187	0	0	0	0	0	0	0	0	0	0	0	0	0	0	0	0	2816	0	0	0	0	8064
SP98164	0	0	0	0	0	0	0	0	0	0	0	0	0	0	0	0	3822	0	0	0	0	12710
SP98053	0	0	0	0	0	0	0	0	0	0	0	0	0	0	0	0	2757	0	0	0	0	10048
SP98297	0	0	0	0	0	0	0	0	0	0	0	0	0	0	0	0	3191	0	0	0	0	11300
SP115498	0	0	0	0	0	0	0	0	0	0	0	0	0	0	0	0	5625	0	0	0	0	13786
SP49114	0	0	0	0	0	0	0	0	0	0	0	0	0	0	0	0	8661	0	0	0	0	14865
SP49286	0	0	0	0	0	0	0	0	0	0	0	0	0	0	0	0	2585	0	0	0	0	7683
SP112178	0	0	0	0	0	0	0	0	0	0	0	0	0	0	0	0	3072	0	0	0	1591	12276
SP112268	0	0	0	0	0	0	0	0	0	0	0	0	0	0	0	0	5644	0	0	0	0	13467
SP106993	0	0	0	0	0	0	0	0	0	0	0	0	0	0	0	0	4838	0	0	0	0	13054
SP99181	0	0	0	0	0	0	0	0	0	0	0	0	0	0	0	0	2483	0	0	0	1057	7983
SP107037	0	0	0	0	0	0	0	0	0	0	0	0	0	0	0	0	2090	0	0	0	0	10228
Sample034	0	0	0	0	0	0	0	0	0	0	0	0	0	0	0	0	0	0	0	3021	0	4511
SP112133	0	0	0	0	0	0	0	0	0	0	0	0	0	0	0	0	0	0	0	0	2685	12497
SP99205	0	0	0	0	0	0	0	0	0	0	0	0	0	0	0	0	0	0	0	0	948	8568
sample105	0	0	0	0	0	0	0	0	0	0	0	0	0	0	0	0	0	0	0	0	362	4042
SP112196	0	0	0	0	0	0	0	0	0	0	0	0	0	0	0	0	0	0	0	0	0	12193
SP50183	0	0	0	0	0	0	0	0	0	0	0	0	0	0	0	0	0	0	0	0	0	20347
sample262	0	0	0	0	0	0	0	0	0	0	0	0	0	0	0	0	0	0	0	0	0	1150
sample73	0	0	0	0	0	0	0	0	0	0	0	0	0	0	0	0	0	0	0	0	0	2080
sample87	0	0	0	0	0	0	0	0	0	0	0	0	0	0	0	0	0	0	0	0	0	2667
