Sample	SBS1	SBS34	SBS3	SBS18	SBS26	SBS40	SBS20	SBS28	SBS6	SBS13	SBS17a	SBS17b	SBS5	SBS2
SP111062	1735	0	0	3622	0	4742	0	0	0	317	201	449	3171	547
SP111006	2018	0	0	4926	0	0	0	0	0	2142	2326	4164	14097	1021
SP110846	837	0	0	0	0	5589	0	0	0	595	0	0	2676	329
SP111086	1802	0	11549	0	0	0	0	0	0	0	5536	12754	9443	0
SP111096	1445	0	0	2867	0	5071	0	0	0	102	1951	2995	1239	895
SP111058	777	0	0	0	0	0	0	0	0	0	12092	37547	13567	0
SP111092	1328	0	0	0	0	15443	0	0	0	0	2786	3943	1628	0
SP111076	1404	0	0	2545	0	3943	0	0	0	0	106	347	2486	0
SP111098	1313	0	0	1849	0	5009	0	0	0	307	692	1402	3374	568
SP111039	1079	0	0	654	0	3237	0	0	0	0	0	0	2271	0
SP111052	503	0	1649	0	0	0	0	0	0	113	780	1400	1290	253
SP111166	2229	0	0	0	0	0	0	2656	0	0	7195	15844	15782	0
SP111014	839	0	0	0	0	6275	0	0	0	0	2180	3557	696	0
SP111066	489	0	0	0	0	0	0	0	0	0	17909	35143	26118	0
SP111094	3200	0	0	0	0	14305	0	0	0	0	1599	4410	3250	0
SP111015	873	0	0	0	0	9695	0	0	0	0	2496	4769	3709	0
SP110853	1857	0	0	0	0	15308	0	0	0	0	4321	8177	2564	0
SP111051	628	0	2903	1161	0	0	0	0	0	382	281	535	2241	361
SP110855	1703	0	0	0	0	0	0	0	0	0	4640	12957	15698	0
SP111004	2636	0	0	4766	0	0	0	0	0	0	397	879	9346	0
SP111078	1050	0	0	1198	0	6134	0	0	0	0	1575	2358	1136	0
SP110863	1645	0	0	0	0	0	0	0	0	0	4913	11561	10652	0
SP111013	1283	0	0	1366	0	3237	0	0	0	137	636	1232	2238	445
SP111042	384	0	0	0	0	1974	0	0	0	0	156	199	591	0
SP111040	747	0	0	1364	0	6914	0	0	0	0	588	996	965	0
SP111031	1894	0	0	6210	0	10859	0	0	0	0	3828	7916	3269	0
SP23496	1223	0	5802	0	0	0	0	0	0	1713	3016	5599	4840	1391
SP111030	1224	0	0	3385	0	0	0	0	0	890	3042	6014	8650	851
SP111019	1183	0	0	0	0	11333	0	3737	0	0	10230	13756	2333	0
SP111026	1588	0	0	0	0	0	0	0	0	0	9694	24572	10935	0
SP110860	1793	0	0	0	0	14307	0	0	0	0	6848	14956	1980	0
SP110851	2043	0	0	3881	0	0	0	0	0	955	718	1466	9577	681
SP111059	1960	0	0	4023	0	6008	0	0	0	0	1313	2366	3386	0
SP111170	1616	0	0	6439	0	0	0	0	0	0	3908	7266	12894	0
SP111054	1405	0	0	0	0	20298	0	0	0	0	5121	12529	1121	0
SP111033	1354	0	0	0	0	8399	0	0	0	0	1789	3950	2317	0
SP111113	617	0	0	0	0	0	0	0	0	0	12591	39051	26881	0
SP110865	1678	0	19462	0	0	0	0	0	0	3642	4625	10435	11407	4502
SP111061	2030	0	0	4104	0	6689	0	0	0	0	1094	2783	3849	0
SP111101	3191	0	0	0	0	7778	0	0	0	0	1003	1998	2941	0
SP110859	2031	0	0	0	0	14796	0	3520	0	0	8020	7726	2552	0
SP111168	577	0	4493	0	0	0	0	0	0	915	0	0	2509	794
SP111067	665	0	0	770	0	3957	0	0	0	392	130	306	1458	536
SP111036	1373	0	0	4321	0	3722	0	0	0	0	294	589	3228	0
SP111116	2616	0	0	4224	0	6162	0	0	0	0	1856	2959	4066	0
SP111099	2095	0	0	0	0	0	0	0	0	1466	1223	4390	7467	1199
SP23502	2164	0	0	0	0	28950	0	0	0	0	14532	28381	444	0
SP111069	2371	0	0	0	0	11568	0	0	0	0	1325	4428	1694	0
SP111043	2163	0	0	0	0	0	0	0	0	0	6302	20442	16728	0
SP111024	1413	0	0	0	0	11489	0	0	0	0	5268	9968	1219	0
SP111011	1099	0	0	0	0	0	0	0	0	0	10615	18721	14789	0
SP111082	1044	0	0	3404	0	0	0	0	0	0	5148	8984	8625	0
SP111074	1060	0	7524	0	0	0	0	0	0	1363	3773	12644	3338	1381
SP110845	1886	0	0	0	0	0	0	0	0	0	7562	15015	16824	0
SP110857	1747	0	0	2762	0	4764	0	0	0	0	295	893	3094	0
SP111017	1842	0	0	0	0	8815	0	0	0	0	4453	7810	1886	0
SP111080	1226	0	0	1199	0	6976	0	0	0	0	1656	2223	608	0
SP23506	769	0	0	570	0	3407	0	0	0	0	85	205	1418	0
SP111075	1926	0	0	0	0	8589	0	0	0	0	1848	4124	1881	0
SP111112	1465	0	0	0	0	8457	0	0	0	0	1636	3784	1950	0
SP111001	4219	0	0	0	0	25011	0	0	0	0	6643	23589	0	0
SP111027	1003	0	0	616	0	2979	0	0	0	212	0	0	1629	309
SP111117	3032	0	0	0	0	17467	0	0	0	1769	2398	5411	0	4267
SP110842	2691	0	0	0	0	0	0	0	0	776	3052	6422	11928	830
SP111173	437	0	0	0	0	0	0	13265	0	0	20895	36510	34487	0
SP111008	1560	0	0	1501	0	6212	0	0	0	0	832	1656	2903	0
SP111070	2362	0	0	3186	0	6477	0	0	0	0	0	0	3060	0
SP110847	3414	0	4894	0	0	0	0	0	0	464	609	1757	5767	725
SP111077	3125	0	9691	0	0	0	0	0	0	1054	4144	10789	8576	1226
SP111091	1352	0	0	0	0	23382	0	0	0	0	11231	18613	0	0
SP111072	1546	0	0	0	0	0	0	0	0	1031	466	1001	4826	829
SP111084	1142	0	11242	0	0	0	0	0	0	1195	872	2013	5265	932
SP23504	1354	0	0	0	0	4588	0	0	0	1133	0	0	699	3172
SP23500	1155	0	0	3056	0	0	0	0	0	0	2979	7339	4168	0
SP111029	622	0	0	2700	0	0	0	0	0	0	81	174	2652	0
SP111175	3056	0	0	0	0	0	0	0	0	0	14465	61380	45072	0
SP111049	3322	0	0	4473	0	7670	0	0	0	0	1782	4380	3064	0
SP23498	2487	0	0	2989	0	11049	0	0	0	0	1627	3501	3326	0
SP111002	748	0	0	0	0	5610	0	0	0	0	1333	2384	359	0
SP110866	1593	0	0	0	0	0	0	0	0	0	6542	8139	8532	0
SP111035	1360	0	5923	0	0	0	0	0	0	0	1668	5709	7859	0
SP111009	1203	0	0	3169	0	0	0	0	0	0	5231	8654	5816	0
SP111114	3667	0	0	0	0	0	0	0	0	3267	7564	20293	20372	2446
SP111000	1435	0	0	4495	0	0	0	0	0	0	5036	9998	8016	0
SP111045	2311	0	3971	0	0	0	0	0	0	148	0	0	4560	310
SP110861	1369	0	4539	0	0	0	0	0	0	685	1158	2846	3172	850
SP111047	3630	0	0	3504	0	9335	0	0	0	2755	2072	2654	6629	3290
SP111088	1961	0	0	4303	0	0	0	0	0	0	2110	4885	6325	0
SP111056	1835	0	0	5586	0	0	0	0	0	0	5067	9931	13733	0
SP111089	1435	0	0	1129	0	4282	0	0	0	301	128	449	2577	488
SP111038	1995	0	0	0	0	16643	0	0	0	0	3255	5361	1008	1179
SP110849	1598	0	0	0	0	8510	0	0	0	0	3126	4731	1080	1069
SP111164	2557	0	0	0	0	18512	0	0	0	0	6780	11757	0	0
SP111057	1271	0	0	2429	0	4154	0	0	0	0	445	740	2272	0
SP111119	2276	0	0	0	0	17809	0	0	0	0	4907	8395	2010	0
SP111095	2088	0	0	7067	0	6727	0	0	0	0	3369	5770	2085	0
SP111064	2143	0	0	2849	0	6089	0	0	0	206	808	1620	4933	705
LP6005500-DNA_E02	810	0	0	0	0	0	0	0	0	0	7647	18064	11429	0
LP6005935-DNA_A03	1541	462	0	2611	0	0	0	0	0	0	0	0	4974	0
LP6005935-DNA_B03	1253	0	0	0	0	0	0	0	0	0	7121	20390	16136	0
LP6005935-DNA_C03	721	0	0	651	0	1937	0	0	0	0	178	414	1236	0
LP6005935-DNA_C04	2599	0	0	0	0	23178	0	0	0	0	8132	16460	0	0
LP6005935-DNA_G01	2025	0	0	0	0	0	0	0	0	0	3469	11303	12625	0
LP6005935-DNA_G03	685	425	0	1586	0	3365	0	0	0	149	411	662	1196	357
LP6005935-DNA_H03	7514	0	0	0	8815	0	9236	0	10639	0	0	0	21258	0
LP6007523-DNA_A01	1603	641	0	3553	0	3863	0	0	0	0	237	667	2626	0
LP6007529-DNA_A01	1406	0	0	4411	0	0	0	0	0	282	2747	6239	7559	1464
LP6007533-DNA_A01	884	406	0	1880	0	0	0	0	0	434	451	698	3673	539
SS6003121	1896	0	0	0	0	0	0	0	0	0	4736	23024	15041	0
SS6003129	2806	0	0	0	0	16378	0	0	0	0	3618	7603	500	0
SS6003302	1476	0	0	0	0	9924	0	0	0	0	1592	3594	490	0
SS6003305	1192	0	0	0	0	8946	0	0	0	568	0	0	997	254
SS6003311	1239	0	0	12721	0	0	0	0	0	0	0	0	4660	0
SS6003314	766	0	0	0	0	0	0	0	0	0	3055	6169	8819	0
SS6003317	1219	0	0	0	0	0	0	0	0	0	8030	14268	11773	0
SS6003320	2374	0	0	0	0	10035	0	0	0	0	3346	7190	1414	0
SS6003323	1938	0	0	0	0	9495	0	0	0	0	2299	3196	1055	0
SS6003125	799	0	0	0	0	4951	0	0	0	0	2096	4436	0	0
SS6003131	587	0	0	699	0	1524	0	0	0	0	85	194	910	0
SS6003133	345	0	0	3470	0	0	0	0	0	213	0	0	1339	480
SS6003137	1157	0	0	3165	0	0	0	0	0	0	775	1631	4342	0
SS6003308	768	0	0	930	0	0	0	0	0	135	345	648	2820	368
