"","S0","S1","S2","S3","S4","S5","S6","S7","S8","S9","S10","S11","S12","S13","S14","S15","S16","S17","S18","S19","S20","S21","S22","S23","S24","S25","S26","S27","S28","S29","S30","S31","S32","S33","S34","S35","S36","S37","S38","S39","S40","S41","S42","S43","S44","S45","S46","S47","S48","S49","S50","S51","S52","S53","S54","S55","S56","S57","S58","S59","S60","S61","S62","S63","S64","S65","S66","S67","S68","S69","S70","S71","S72","S73","S74","S75","S76","S77","S78","S79","S80","S81","S82","S83","S84","S85","S86","S87","S88","S89","S90","S91","S92","S93","S94","S95","S96","S97","S98","S99"
"SBS1",0,0,9.9627,2.5277,12.8258,0,0,0,0,0.4594,0,0,9.0557,5.4944,0,16.5381,0,22.216,3.8287,5.0015,0,0.0832,0,1.4296,0,0,0.1837,22.9474,13.6831,19.0981,0,9.9644,0,8.4318,23.1553,9.2834,9.2315,10.2095,5.1521,0.4425,1.0565,7.4071,0,12.3223,2.4599,0,18.9601,3.7885,0,10.3291,6.4039,14.834,0,6.6228,8.9666,2.0812,20.7649,13.6187,0,0.5594,11.2276,17.5864,3.8912,0.4659,7.6921,13.9597,0,11.9577,0,19.2641,15.4818,6.577,0,15.488,0,0,0.4132,3.3619,19.2412,0,0,0,0.3457,21.2248,7.7838,0,2.9576,0,0.9067,0.7674,8.5008,0,0,0,0,16.0645,0,1.9231,5.3643,9.9546
"SBS2",0,0,3.1272,20.6894,0,18.1768,5.3445,0,11.9485,0,27.7883,16.9564,13.1152,0,0,1.5515,3.2838,0.9282,0,22.7629,23.9914,0.5095,9.0988,0,2.1148,4.8931,0.2623,0,0.7243,0.0712,2.5859,1.5613,19.1832,0,0,0,0.8222,0,16.0131,0.8414,0.5709,6.3594,1.0369,16.9694,0.3838,6.5788,7.506,1.9505,3.3905,2.6119,0,0,29.3894,0,0,0.3048,3.7212,4.6101,2.6757,39.2928,0,0,28.2135,0,2.8623,18.3623,0,0.7797,5.4471,7.429,0,0,0.7234,9.3302,30.1126,6.3013,1.7434,24.0078,0,19.1217,15.7859,0.6273,0,19.463,1.7661,7.7717,16.1745,0,0,1.3494,18.5316,5.6457,18.0501,6.9481,34.7417,11.6109,12.8864,1.7467,1.0877,0
"SBS3",0,0,0,0,0,0,0,0,0,0,0,0,0,0,0,9.0451,0,0,0,0,0,0,0,0,0,0,4.5558,0,0,0,0,0,10.3541,0,0,0,0,0,0,0,0,0,0,0,0,0,0,0,0,0,0,12.0329,0,0,0,1.8181,0,16.6917,0,0,0,0,0,0,0,0,0,0,0,0,0,0,34.1632,0,0,18.5975,0,0,0,0,0,18.0644,0,0.8852,0,0,0,0,0,0,0,0,0,0,0,0,0,0,0,0
"SBS4",5.2002,0,0,0,0,0,0,0,0,0,0,0,0,0,18.0934,0,0,0,0,0,0,0,0,15.0614,0,5.2634,3.2883,9.7838,0,0,0,0,0,0,0,0,0,0,6.054,0,3.4475,0,13.0656,0,11.2431,0,0,0,0,0,0,0,0,42.2925,0,18.4032,0,0,0,0,0,0,4.5419,24.1723,3.1137,0,0,0,0,0,0.6296,0,0,0,0,0,0,0,0,0,0,0,13.2118,0,0,0,0,0,0,40.2983,0,0,11.7882,0,0,0.815,0,0,0,22.038
"SBS5",0,0,0,0,0,0,0,0,0,0,0,0,0,0,20.0348,0,0,0,0.0049,0,0,0,0,17.0502,0,0,0,0,0,0,0,0,0,0,0,0,7.0504,0,0,0,0,0,15.5459,0,0,0,0,0,0,0,0,0,0,0,0,0,0,0,0,0,13.6213,0,0,0,0,0,0,0,0,0,0,0,0,0,0,0,0,0,12.3318,0,0,0,0,0,0,0,0,0,0,0,0,0,0,0,0,0,0,0,0,1.4824
"SBS6",0,3.2692,2.2152,0,0,0,0,0,0,1.6912,0,0,0,0,0,0,0,0,0,0,0,0,0,0,0,0,0,0,0,0,0,0,0,0,0,1.9128,0,0,0,0,0,0,6.0635,6.2808,0,0,0,0,0,0,5.4863,0,0.999,2.6859,0.9861,0,0,0,0,0,0,0,0,0,0,0,0,0,0,1.5808,0,0,0,0,0,7.9333,0,0,6.0652,0,0.1825,0,0,0,11.1767,2.4754,1.4084,0,6.1668,0,2.5638,0,0,0,0.8736,0,0,0,0,0
"SBS7a",5.9805,3.8789,10.3596,4.6956,0,4.6342,0,0.8465,14.58,1.6533,6.1836,0,0,0,7.7115,0,0.8178,0,0,0,0,2.16,4.8305,0,0,0,5.9096,0,0.3755,3.9261,0,0,0,0,0,0,0,0,5.7437,0.9872,0,0,0,5.3611,0,8.2307,1.2943,0,0,0,0,8.2102,0,0,0,0,0,0,8.3419,0,0,0,0,0,1.9345,0,0,0,0,0,0,0.8437,0,0,6.2649,5.8297,0,2.1434,0,8.8035,0,0.0769,0,0,1.7098,0,0,0,0,0,0,4.4917,0,0,2.7058,0,2.2738,1.0227,0,0
"SBS7b",0,2.4112,0,0,0.9907,0,0,0,0,0,0,0,0,0,0,0,0,0,0,0,0,0,1.3617,0,0,0,0.4407,0,0,0,0,0,0,0.8749,0,0,0,0,0,0,0,0,0.1348,0,0,0,0,0,0.8218,0,0.6023,3.5766,0,0,0,0.7812,0,0,0,0,0.3899,0,0,0,0,0,0,0,0,0,0,0,0,0,0,0,0,0,0,0,0,2.2777,2.6138,4.2663,0,0,0,0,0,0,1.1334,0,0,0,0,0,0,0,5.2193,3.4475
"SBS7c",9.9684,8.505,5.9172,3.1771,0.0477,3.9035,0,4.7286,0,9.5147,0,0,2.0357,7.8146,2.9189,0,0.1133,0,7.2528,0,0.687,0,0.5457,0.3154,0,0,5.376,0,1.3403,0,0,6.5655,0,0.8236,0,0,2.4534,1.8365,4.2543,6.3197,1.5563,1.165,0,2.6316,0,7.9098,10.2545,0,0,0,0,7.9077,0,0,0,0,0,5.7358,0.8446,0,0,4.9901,4.1624,0,4.9242,0,0.0272,0.3087,2.8927,0,5.7659,0,2.4044,0.8489,0,1.0892,2.4309,0,0,1.8577,13.9453,0,0,0,0,1.1056,4.2814,0,5.6449,0,0,0,2.9353,1.0865,0,0.8395,0.4949,8.3711,1.1234,0
"SBS7d",0,0,3.7948,0,0,0,0,0,0,6.2751,0.312,0,0,1.3748,0,0,0,2.1289,0,2.7506,0,4.0777,0.2968,0,0,0.7169,0,0,6.3892,3.7555,0,0,0,0,3.6088,0,0,0,0,10.7802,0.8728,0,0.0019,0,0,0,6.4427,0,2.6832,0,0,0,0,0,2.0863,2.3113,0,3.7158,1.8678,0,0,0,0,0,0,0,0,4.47,0,0,1.4819,1.36,0,1.292,0,0,0,0,0,3.1768,0,1.8985,0,2.4968,0.3582,2.3835,0.4532,1.1385,3.6362,6.3468,0,0,0,0,0,0,0,0,0,0.2287
"SBS8",0,0,0,4.0908,13.0002,0,0,0.8649,0.4296,0,0,0,0,0,3.2068,0,7.5397,0,9.6273,0,0,0,0,0,13.1769,0,0,0,0,0,0,0,10.6477,0,0,0,2.0323,0,0,0,0,0,0,0,0,0,3.8494,0,11.7892,0,0,0,0,0,12.7885,13.657,0.8467,2.0116,3.7444,0,0,8.0835,1.0585,11.0095,2.6688,0,3.6671,0,0.8252,0,9.9316,0,0,0,0,0,0,0,0,0,0,0,0,0,0,1.2123,0,0,0,5.4987,0,0.4173,0,0,0,0,10.4469,0,8.2707,1.6931
"SBS9",0,0,1.3913,2.9036,0,0,0,0,0,0,0,0,1.0449,0.1845,0,0,0,0,0,0,0,0,0,0,0,0,0,0,0,0,0,0,0,0,0,0,0,0,0,2.3186,0,0,0,0,0,0.7266,0,0,0,0,0,0,0.1857,0,0,0,0,0,0,0,3.3603,0,0,0,0,0,0,0,0,0,0,3.4464,0,0,0,0,0,0,0,2.1364,0,0,0,0,0,0,0,0,0,0.1663,0,0,0,0,0,0,4.3876,0,0.2356,0
"SBS10a",0.1729,6.3942,0,0,0,0,8.9329,0,0,4.1506,1.4065,0,0.5079,0,0,4.541,0,0,3.1294,4.9366,0,0.7794,0,0,0,0,1.0759,0,2.6325,0,0,0.2921,0,0.5775,0,10.9153,0,0,0.4473,7.3563,1.2588,8.5928,1.1428,0,0,0,1.8811,0,2.0479,2.9364,0,0,0,0,0,3.9165,0.9245,0,0,0,0,1.5209,0,4.1661,0,0.6519,0,4.4076,18.1305,3.565,0,0,0,0,0,0,5.91,0,1.3813,0,0,0.3116,2.6396,0,0,0,0,2.1788,6.3454,6.4974,0.4031,0,2.1282,0,1.3393,3.4371,0,3.478,1.6898,5.2679
"SBS10b",2.3055,0,0,0,0,2.9243,6.4931,0,5.173,3.6768,0,0,0,3.1204,0,0,0,0,0.2252,4.9262,0,2.7093,0,0,0.6757,0,0.337,0,1.9472,0,0,3.5517,1.9054,6.5846,0,0,0,0,1.4894,0.2842,0,2.9998,1.7578,0.7042,0,0,7.5476,0,0,0.3732,2.2849,0,0,0,0,0,0,0,1.7956,0,1.9829,0,0,1.1432,0,0,0,2.0663,0.7077,1.5113,0,3.0153,0,0,0,3.5009,2.6087,0,0,2.9173,0,1.0601,2.4231,0.3369,6.2135,2.8646,0,0,4.1386,0,3.8581,8.1433,0.2201,2.6861,0,0,0,0.3973,0,2.5096
"SBS11",0,0.8504,1.4955,0,0,0,0,0,5.0658,5.3908,0,0,0,0,0,0.1938,0,0,0,0,0,0,0,0,4.8459,0,0,0,0,0,0,0,0,0.8677,3.333,0,0,0,0,0,0,0,0,0,0,0,0,2.8329,0,0,0.9956,0,0,0,0,0,0,0,0,0,0,0,0,0,0,0,0,0,0,0,0,0,1.2345,1.0864,0,0,0,0,0,0,0,0,0,0,0,0,0,0,0,0,3.1324,0,0,3.7005,0,0,0,0,2.1722,0
"SBS12",0,3.8103,0,0,4.1705,0,0,4.2464,0,0,5.1059,0,0,0,2.211,12.3248,0,0,0,0,0,1.5075,1.304,13.5263,0,0,0,0,0,0,0,0,0,1.826,0,0,7.4359,1.4094,0,0.9245,0,1.3889,0,0,5.8703,9.682,0,0,7.0745,3.652,0,0,7.3088,7.2906,7.0906,0,0,0,0,0,2.5707,0,0,0,0,0,0,0,6.5886,0,7.1077,13.253,0,0,10.416,0.3727,11.2056,0,0,2.0516,0,0,14.3817,0,0,0,0,0,0,6.0745,2.1285,0,0,15.3272,0,0,0,0.0098,0,2.8957
"SBS13",3.0521,0,0.715,17.2874,2.3847,3.6546,3.5699,0.2833,30.631,1.6136,42.4261,9.7931,13.0259,0,0,0,0,0,0,39.1375,15.1605,1.5892,21.1099,0.0551,0.0379,4.7321,3.2916,2.1421,8.7044,1.137,0,14.5478,18.0187,7.897,0,0,1.4481,0.8345,5.0454,2.2779,0,0,2.3107,12.1857,0.813,18.2287,0.624,0.5202,0.451,11.6183,24.9196,4.1517,23.8742,0.13,2.1441,2.8776,0.4041,1.3036,25.4149,35.3882,0,1.0562,19.3628,0,16.7055,11.6381,18.0467,1.1768,0,0.8642,7.4978,0.7993,0,11.238,15.2392,10.7749,0,37.0969,0,29.8689,11.7595,14.9274,5.4083,0.2815,0,21.9639,21.9223,2.5826,13.0286,0.8391,0,17.44,11.8449,8.3007,15.5007,10.8024,6.4026,0.0992,2.0033,0
"SBS14",0,0,0,0,0,2.3403,0,0,0,0,0,0,0.292,0,0,0,4.4551,0,0,0,3.0993,0,0,0,1.8688,0,0,0,0,0,0,2.039,0,0,0,0,0,0,0,0,0,13.5481,0,0.5146,0,0,2.017,1.2906,0,0,0,0,5.0903,0,0,2.7191,0,1.8824,0,0,0,0.03,0,0,0,0.2577,0,5.7973,2.4855,0,0,0,0,0,0,0,0,0,0,0,0,0,0,0,0,0,0,0,0,0,0,0.8973,0,0,0,0,0,0,0,0
"SBS15",0,0,31.3709,0,0,1.4386,0,0,0,0.883,0,0,0,3.3891,0,0,0,0,0,0,0,0,0,0,0,0,0,0,1.4546,0,0,0,0,0,0,5.1646,0,11.8387,13.4979,0,0,0,0,1.225,0,0,12.431,0,1.0744,7.1894,0,4.9577,0,0,15.0353,0,0,0,0,0,0,0,0,0,0,10.0639,0.0371,0,0,0.3344,0,7.502,0,0,0,0,0,0,0,0,0,0,0,0,0,0,0,1.0099,4.2683,0,0,0,0,0,0,6.311,6.1578,0,8.2892,0
"SBS16",14.0445,11.6423,9.3482,6.1057,0,15.4832,10.924,5.4241,4.6556,11.843,4.9996,8.0041,9.7584,10.5775,2.7214,6.847,8.5507,20.1875,0,5.6761,0,4.4229,0,0.8637,3.6004,13.9533,1.9173,12.4713,21.3141,11.2991,0,4.5057,3.9753,3.3253,14.7365,9.8737,0,3.4158,2.1691,6.5376,3.6165,7.9848,6.502,6.0769,11.4946,0,5.728,4.0835,6.39,0,0.6537,8.6934,0,0,0,0,1.4748,22.2151,10.997,0,4.505,18.7651,0,3.1944,4.6578,0,0,17.2248,0,12.7735,13.6412,0.7793,2.8062,1.8304,11.3851,6.5117,6.6433,0,4.9102,6.031,3.1916,7.0711,0,12.9885,17.8651,4.2447,7.1876,0,8.1118,0,0,3.2213,0,0,3.0241,4.1212,9.5846,13.9183,5.1388,4.8806
"SBS17a",2.9913,1.6359,0,3.1077,0,2.8492,0,0,0,0,0,0,0,0,0,0,3.4146,0,3.795,2.4743,1.5911,0,0,0,1.9858,3.8355,6.9481,0,0.7714,0,0.8716,0,0,0,0,0,0,0,4.2274,0,0,0,0,0,0,0,0.7904,3.1229,3.0036,1.7009,0,0,0,0,0,0,0.7754,0,1.6125,2.7343,0,0,1.1208,4.0974,1.911,2.5024,0,1.7714,2.8576,0,0,1.961,0,0,0,0,0,0,0,0,0,2.4993,0,0,0,0,0,0,0,0,0,0.622,0,0,3.54,2.432,3.0405,0.7836,0,0
"SBS17b",3.5004,1.139,0,0,0,0.6515,0,2.5308,0,0,0,2.2037,0.9824,0.6759,0,0,0.7691,0,0.7971,0,0.9103,0,0,0,0,0,0,0,4.2312,0,1.5988,4.0193,0.3555,0.3702,2.5544,0,1.607,0,1.3718,1.0548,0,2.0685,0.5709,0,0,2.6009,0,0.5112,0,0.8037,0,0,0,0,2.3913,2.9009,0.985,0,0,0,0,1.1408,0,1.1074,0.9907,0.479,0,0,0,0,2.6044,2.0406,2.6219,0,1.1662,0,0,0,0,0.9183,0.5693,0,1.1066,1.1889,0,0,1.0602,2.6787,0.4968,0,1.027,0,0.8652,0,0,0,0.5852,2.0729,0,0
"SBS18",0,0,2.1211,0,0,5.3149,20.2244,20.5314,0,0,0,0,6.8704,9.3336,0,9.2145,0,11.6854,0.6192,0,0,18.9978,0,0,0,1.4877,0,0,19.7188,25.7219,3.1207,0,0,0,12.5406,0,0,28.9708,0,0,0,0,5.2877,0,11.5456,0,0,0.8707,0,0,24.0263,0,0,0,0,0,5.7776,0,0,0,28.4792,0,5.4001,0,0,0,5.5323,0,0,0,0,27.8174,0,0,0,0,20.8587,0,17.1655,0,0,0,0,0,0,0,1.7933,0,8.6716,0,0,0,0,0,0,0,1.0727,15.6541,0,4.8553
"SBS19",0,0,0,7.7319,2.7717,0,1.8588,0,0,0,0,0,0.0869,2.1717,0,0,4.0106,0,4.7771,0,0,1.4071,0,0,3.6949,5.6095,13.3052,0,3.1221,2.4322,0,0,1.0421,11.6595,0,0,6.6517,0,0,0,1.4926,1.4378,0,0,0,0,1.8961,1.781,1.3452,0.7036,0,0,1.7779,0,0,0,2.4626,0,0.7648,0,0,4.2751,0,0,2.588,0.0529,0,0,0.5009,0,6.6371,0,2.2807,0,0,2.3993,0.2192,0,2.2925,1.3238,0,0,0,1.9781,0,2.5212,0,0.8804,2.1457,0,0,0,2.4538,0,0,0,2.2573,0,0,0
"SBS20",0,0,0,0,0,0,0.2691,6.4694,0,0,0,0.689,0,0,0,0,6.6445,5.3233,0,0.7463,4.6842,0,10.5724,0.8823,0,0,0,0,6.5384,4.9047,0,0,4.2027,0,0,0,0,0,0,0,0,0,0,0,5.4973,0,0,0,0,0,0,0.1001,0,0,0,3.9896,0,0,1.7701,0,0,0,1.0102,3.6696,3.1165,2.8379,0.505,0,0,0,0,0,0.7239,0,1.387,0,0,0.5156,0,0,0,0,0,0,0,0,0.8971,0,0,0,0,8.7825,0,0.1102,0,0,0,0,0,0
"SBS21",0,0,0,0,0,0,0,1.5603,8.5082,0,0,0,0,0,0,0,0,2.0551,0,0,1.6478,0,0,0,0.2933,0.165,0,0,0,0,0,0,0,0,2.2084,7.1519,4.404,0,0,0.2198,0,0,5.4743,0,3.0223,0,0.6902,0,0.7479,0,0,1.2914,0.6444,0,0,0,0,0,0.2688,0.7252,1.6893,0,0,2.0208,0,5.0132,0,0,0.809,1.702,0,0,0,0,0,0,0,2.6551,5.5218,1.6226,0,0.7455,2.1316,4.6594,0.3946,0,0.9168,0,0,0,6.3412,0,0,0,0,0,0,1.7247,0,0
"SBS22",2.1281,0,0,4.2511,0,0,0,0,0.1302,1.6821,0,0,0,0.1827,0,0,0,6.5307,1.3413,0,1.7099,5.6676,3.3462,0,5.4467,0.2447,0,0,0,0,6.6041,7.8025,0,1.7154,0,1.2113,0,5.476,1.8967,1.8258,5.7116,0,0,2.852,3.4124,0,0,1.5918,0,4.2717,1.8209,0,2.5915,4.0865,1.9117,0.9275,0,0,7.5407,0,0,0.7433,0,0,0,0,0.8896,2.6326,3.1781,1.9691,0,0,0.7131,0.9756,0,0,0,0,4.1145,0,3.2175,0,0,0,0.4601,0,4.5754,2.5561,6.1009,0,3.3532,0.316,0,5.8044,0.9051,6.5262,0,7.5541,3.503,0
"SBS23",0,0,0,0,0,0.784,0,0,0,1.221,0,0,0,0,0,0,2.7495,0,0,0,1.3205,0,0,0,0,2.6297,0,0,0,0,0,0,0,0,0,0,0,0.1187,0,0,0,0,0,0,0,0,0,2.8584,2.3651,0,0,0,0,0,0,0,0,0,0,0,0,0,0.9104,0,0,1.4092,0,0,1.8029,0,0,0,0.1784,0,0,2.0857,0,0,0,0,0,0,0,0,0,0,0,0,0,0,0,0,0,3.8825,3.7057,0,0,0,0,0
"SBS24",0,5.0563,0,0,0,4.9763,0,0,0,14.0807,0,0,0,0,0,0,0,0,0,0,0,1.9735,0,0,22.8695,0,0,0,0,0,0,0,6.4901,0,0,2.1676,6.5059,0,0,0.6108,14.2549,0,0.4881,0,0,0,0,0,8.0966,0,0,0,1.3888,0,0,1.4266,0,0,0,0,0,0,0,0,0,0,0,0,0,0,0,0,0,0,0,0,0,0,0,1.1239,11.214,11.8534,6.6818,0,1.4293,0,0,0,0,0,0.0888,0,0,0,0,0,0,0,0,0
"SBS25",0,0,0,0,0,0,0,5.686,0,0,0,0,0,0,0,0,0,0,0,0,0,0,0,0,0,0,0,0,0,0,0,0,0,0,0,0,0,0,0,4.6476,0,12.0607,6.8804,0,0,0,0,0,0,0,0,0,0,0,0,0,0,0,0,0,0,0,0,0,0,0,0,0,0,0,0,0,0,0,0,0,0,0,0,0,0,2.7698,3.9498,0,0,9.2966,0,0,0,0,0,0,0,0,0,0,0,1.1717,0,0
"SBS26",0,0,0,0,0,0,7.7001,0,0,0,0,0,0,0,3.6977,0,0,0,0,0,0,0,0,0,1.8638,0,0,0,5.0117,0,8.6276,6.1621,0,0,0,0,0,9.7512,0,0,0,0,0,0,0,0,0,0,0,0,0,0,0,0,0,0,0,0,0,0,0,1.8772,0,0,0,0,0,0,0,0,0,0,0,0,0,0,0,0,0,0,0,0,0,0,0,0,2.0002,0,0,0,0,0,0,0,0,3.7847,0,0,0,0
"SBS27",0,0,0,1.9602,0,0,0,0,0,0,1.6562,0,0,6.0233,0,0,0.6692,0,0,0,0,0,0,0,1.298,0,1.3299,0.8214,0,0,0,2.1556,0,0.2514,0.1023,0,0,0,0,0,0,0,0,0,0,0,8.632,0,0,6.5675,0.6039,0,0,0,5.3286,0,2.8389,0,0,0,0,0,0,0,0,0,0,0,0,0.9331,0,0,0,0,0,0,0,0,2.6103,0,1.6507,0,0,6.216,0,8.6142,0,1.2849,0.6195,0,0.1219,0,0,0,5.3397,0.8119,0,2.9961,0,6.0079
"SBS28",6.5584,1.6014,0,0.0271,0,3.0538,0,0,0,0,1.3238,3.5776,1.1703,0,0,2.3823,0,0.6511,2.8681,0,3.7515,1.8468,0,0,3.0503,0,6.3433,1.042,0,0.9004,1.976,0,4.4428,3.2299,0,0.0237,0,1.7558,0.4357,0,0,3.8341,0,0,2.4241,2.4006,0,2.5804,0,0,0.9959,0,1.3285,5.0021,0,0,3.1408,3.2064,0.3955,1.2892,0,0,0,2.9007,0,5.0732,0.7584,3.185,1.9679,0,0,1.3269,0,1.8921,0,0,3.4277,3.4904,0,1.6136,2.7895,0,0.5731,0.878,0,2.0032,0,0,0,0,0,3.3882,1.1425,0.5626,0,0,0,1.365,3.7528,0
"SBS29",0,0,0,0,0,3.3621,11.4561,4.9358,0,0,0.1731,0,0,2.8075,14.2962,0,0,7.0554,0.8592,0,0,0,0,0,0,17.1769,0,0,0,0,9.896,0,0,0,0,22.8606,1.415,0,0,0.3585,0,0,0,0,0,0,0,0,0,0,0,0,0,0,9.3732,0,5.8387,0,0,0,0,0,0,6.5654,0,0,0,0,0,0,0,0,0,0,0,7.2904,0,1.7684,0,0,0,0,0,0,0,0,11.3601,0,0,0.0811,0,6.5853,4.2108,0,0,4.355,0,0,0,0
"SBS30",6.6898,3.7187,0,0,0,4.7321,0,1.3854,0,4.7098,0,7.2837,0,0,3.448,5.5186,0,0,4.119,2.2882,0,5.9476,6.6359,1.7935,0,0,0,14.2958,0,0,1.4011,9.7239,0,0,0,9.2675,0,2.811,0,4.7548,0,0,7.0918,0,5.7703,0,0,0,0,0,7.861,0,0,0,0,1.0996,0,7.1349,0,0,0,8.8675,0,5.787,3.1808,0.9321,11.179,2.0934,0,0,0,0,0,0,0.0879,0,0.7048,6.2219,2.7398,4.085,0,4.9292,0,0,8.6167,9.0249,5.1544,6.8131,0,7.4862,2.5365,5.8537,0,0,1.3355,0,0,0,0,0
"SBS31",2.6464,0,1.0337,0.9935,19.2899,3.6259,11.6918,0,0,0,0,0,0,6.3065,12.706,0,5.4393,0,0,0,0,1.114,0,7.8546,0,0,0,0,0,0,0,0,0,3.9873,3.2515,0,0,0,0,0,0,0,5.945,0,0,0,0.8566,0,0,7.7773,0,0,0,0,0,18.7717,10.0881,0,0,0,0,0,0,3.2616,0,3.7216,0,3.3154,0.5979,0,0,0,0,0,0,0,0,0.0478,1.0947,0,0,0,0,2.9091,0,0,6.3539,0,0,0,4.4709,0,0,10.4926,0,0,8.2561,0,1.8271,2.8225
"SBS32",0,0,3.2867,1.9524,2.6453,0,0,3.405,0,4.9214,4.2156,0,0,8.2207,0,0,0,0,3.6977,0.6185,0,9.0704,0,6.0061,3.631,0,0,1.8324,0,0,0,3.2486,0,0,11.3959,0,3.863,0,0,0,1.9856,5.0213,1.9168,0,1.2919,7.4109,0,15.3143,0,2.8706,0,0,5.1994,11.3229,0,0,0,4.9373,6.3692,0,0,0,0,0,5.2436,0,0.447,0,8.9158,12.6534,0,6.2488,2.5817,0,0,0,0,0,4.2651,0,0,0.176,14.0309,0,0,0,2.8329,10.7448,0,0,0,8.1827,3.2224,0,0,13.3649,0,3.132,0,7.0239
"SBS33",6.4899,0,0,0,0,0,0,1.4694,0,0,3.2236,0,2.7129,0,0,0,0,0.7169,0,6.1683,0,0,0,0,0,0,3.5145,7.7078,0,0,0,0,0,0,0.2969,0,0,0.9165,0,0,0,2.2644,0,30.7084,1.9241,0,6.0761,2.127,0,0,0,0,0,0,0,0,0,0,0.8424,1.3254,4.479,0,0,0,0,16.957,0,0,0,0.6914,0,0,0,2.2819,0,2.2193,0,0,0,0,0,1.069,0,3.3212,1.9827,4.9006,0,0,1.1385,0.9209,0,0,0,2.3714,0,0.4249,0.5065,0,0,0
"SBS34",0,3.6752,3.0054,2.7579,0,0,0,0.0054,0.4078,3.6524,0,0,0.5183,1.6571,0,0,1.1395,0,1.9041,0,0,0,0.7125,0,0,0.9316,0,0.9547,1.8868,0.0301,0,0,3.6136,0,0,0,0,0,0,0,0,0,0,1.0156,0.1783,0,0,0,1.2561,7.0186,0,0.1426,0,0,0.5088,0.1376,0,0,0,1.3158,11.5055,5.7447,0,0,1.4076,2.9846,0,0.4557,0,3.9916,2.8426,2.6134,0,0,0,0,0,7.3234,0.1098,0,2.1679,2.9172,2.737,1.8378,0.393,0.4396,2.3732,0,1.784,0,0.6766,3.192,0.3263,0.6982,7.4057,0,0,0,0,2.0255
"SBS35",0,0,0,0,0,0,0,0,0,0,0,0,0,0,0,0,0,0,0,0,0,0.1377,0,0,0,0,0,0,0,0,0,0,0,0,0,0,0,0,0,0,0,0,0,0,0,0,0,0,0,0,0,0,0,0,3.4157,0,0,0,0,0,0,0,0,0.4849,0,0,0,0,0,0,0,0,0,0,0.2883,0.8118,0,0,0,0,0,0,7.6188,0,0,0,0,0,0,0,0.0626,0,0,3.7648,0,0,0,0,2.9835,0
"SBS36",2.1998,0,0,0,11.4294,0,0,0,0.9407,0,0,0.3012,0,0,0,0,0,0,0,0,0,0,0,0,0,0,16.0747,18.1945,0,0,0,0.8965,0,5.0507,0,1.4834,22.8382,0,0,0,0,0,0,0,0,0,0,0,1.604,0,0,0,0,0,0,0,0,0,0,0,0,0,5.3867,0,0,0,0,29.7985,2.11,0,0,0,0,4.0731,0,0,0,0,6.7654,0,0,0,0,0,0,0,0,0,1.9881,0,0,1.4596,0,0,0,3.0814,3.9712,0,0,0.41
"SBS37",0,0,0,0,0,0,0,0,0,0,0,0,0,3.9301,5.5232,0,5.1775,0,0,0,0,0,3.3432,0,0,1.494,4.6747,0,0,0,1.4593,0,0,0,0,0,0,0.3496,0,5.0943,8.2537,3.0497,0,0,0,0,0,8.9677,0,0,4.7056,4.2811,0,0,0,0,0.2911,0,2.7326,0,0,0,2.44,0,0,2.493,19.5101,3.951,0,3.9055,0,6.9491,0,6.3672,0,0,4.1637,0,0,0,5.2452,10.0473,0,0,0,3.426,1.5784,19.482,0,0,7.3413,0,0,0,0,0,0,0,15.9754,5.427
"SBS38",0,0,0,0,0,1.2761,0,0,3.0554,0,0,0,0,0,0,0,0,9e-04,0,0,0,0,0,0,9.7134,7.0749,0,0,0,0.6766,0,0,0,0,0,0,0,0,0,2.7562,0,10.3152,0,0,0,0,0,0,0.1475,0,0,0.5736,0,0,0,0,0,0,3.5822,4.6674,0,0,0,4.6407,0,0,4.5287,0,1.4552,0,0,2.8087,0,0,0,0,0.7741,2.0477,0,0,0,3.3996,0,0,0,0,0,0,0,0,0,0,4.5644,0,0,0,0,4.0353,0,0
"SBS39",10.884,31.1745,0.437,1.5132,0,0.1888,0,12.8527,5.1421,11.1661,0,40.2971,8.2121,1.5336,0,4.7426,26.6446,1.5858,28.9799,0,19.8556,11.5406,8.647,12.1669,6.2742,21.6255,3.233,5.191,0,0,13.0825,0.8485,0,23.5283,23.8851,3.2448,0.6847,10.6511,2.8341,17.2298,21.7491,2.2489,4.3075,0,15.0381,12.9463,8.8012,31.0456,4.6703,0,10.5444,15.0367,0,6.7163,2.111,5.027,22.3574,11.211,8.532,0,8.006,24.3236,0,12.6668,6.846,0,18.2721,0,3.6624,2.1858,4.9367,1.2721,0,9.7803,7.2935,14.7493,4.5326,1.1258,3.0384,0,19.5423,11.1686,11.6887,12.5534,5.2938,18.4891,0,0,2.5547,0,21.3874,9.7686,5.4455,32.2657,13.0773,4.8937,14.7576,4.6024,11.4156,9.7407
"SBS40",0,0,0,0,1.4275,9.2612,0,0,0,0,0,0,0,0,0,0,0,0,0,0,0,0,0,0,0,0,3.2119,0,0,0,26.0808,0,0,0,0,0,7.1533,0,0,0,0,0,0,0,0,0.242,0,0,0,0,0,0,0,0,0,0,9.762,0,0,0,0,0,0.3067,0,9.494,0,0,0,16.6363,0,14.6327,0,0,0,0,0,0,0,0,0,0,0,0,0,0,0,0,34.2312,0,0,0,0,0,0,0,0,0,0,0,0
"SBS41",0,0,0,5.9196,0,0,0,0,0,0,0.7287,0,8.3876,0,0,0,0,0,0,0,0,0,7.8715,0,0,0,0.6841,0,0,7.1697,0,6.1292,0,3.04,0,0,0,0,0,0,0,0.0331,0,0.0975,0,0,0,0,7.0784,8.1743,0,1.7422,0,0,13.8217,0,0,0,0,0,2.9982,7.2514,0,0,5.1214,1.1144,0,0,0,13.0781,0,0,0,0,0,0,0.5703,0,0,0,0,0,0,0,8.2037,0,0,0,13.8848,0,0,0,0.8089,0,0,0,1.2764,9.7263,0,0
"SBS42",1.6469,0,0,0,5.0571,0,0,23.4679,0,0,0,0.2088,0,0,0,4.1614,0,0,0,0,0,0,0,0,0,0,7.179,0,0,0,0,6.6093,0,2.7395,0,0,5.1229,0,0,0,0,0,0,0,0,0,0,0.251,6.9121,0,0,7.0118,0,0,0,9.7962,0,0,0,0,0,0,6.606,0,1.1717,0,0,0,0,0,5.212,0,7.3368,0,0,0,0,0,0,0,2.6988,0,0,0,0.2993,0,0,0,0,0,0,0,0,0,2.4817,3.1755,0,0,0,0
"SBS43",0,0,0,0,0,4.5652,0,0,0,0,0,0,0,0,0,0,0,1.7229,0,0,1.3746,0,0,0,0,0,0,0,0,0,0,0,0.8715,0,0,0,0.1671,0,0.6029,0,0,0,0,0,0,0,0,0,0,0,0,0,0,0,0,0,0.475,0,0,2.8941,0,0,0,0,3.0205,0,0,0,0,0,0,0,0,2.0433,0,0,0,0.7397,0,0,0,0,0,0,0,0,0,0,0,0,0,0,0,0,0,0,3.1488,0,2.3542,0
"SBS44",3.8331,2.606,0,0,0,0,0.9393,0,0,0,4.2571,0.6388,2.3375,0,0,0,0,0,0,0,0,3.6263,0,11.4046,0,0,0,0,0,0,3.5413,0,4.2783,0,0,0,0,0,0,5.5818,0,0,0,0,0,0,0,0,0,0,0,0,0.9494,0,0,0,0,0,0,0,0,0,0,0,0,0,0,1.8019,0.7413,0,0,0,7.23,0,0,0.6214,0,0,0,2.3755,0,0,0,0,0,0,0,5.8367,0,0,0,4.215,0,0,0,1.2151,0,0,0,0
"SBS45",0,0,0,0,0,0,0,0,3.7591,0,0,0,0,0,0,4.4405,0,0,0,0,0,0,0,4.132,0,0,0,4.4797,0,0,0,0,0,1.2672,0,0,0,0,0,0,0,0,0,0,4.5055,2.7961,0,0,0,0,0,0,0,0,0,0,3.4649,0,0,0,0,0,0.8142,0,4.0881,0,0,0,2.0986,0,0,0,0,0,0,0,0,0,0,0,0,1.4216,0,0,0,0,0,0,0,0,0,0,0,0,0,0,0,0,2.068,0
"SBS46",0,0,0,0,0,4.7544,0,0,0,0,0,0,0,0.027,0,0,0,0,0,0,9.9373,0,0,0,0,0.9713,0,0,0,0,0,0,0,0,0,0,0,0,0,0,0,0,0,0,4.5963,0,0,0,0,0,0,0,0,0,0,0,0,0,0,0,0,0,4.6625,0,0.4089,0,0,0,0,0,0,0,0,0,0,0,0,0,0,0,0,0,0,0,0,0,0,0,0,9.3327,0,0,0,0,0,0,0,0,0,0
"SBS47",0,0,0,1.5225,0,0,0,0,0,2.1619,0,0,0,6.4035,0,0,0,0,0,0,0,0,0,0,0,0.2704,0,0,0,0,0,5.306,0,0,0,0,4.9233,0,0,0,0,0,5.472,0,0,0,0,0,2.2796,3.1306,0,0,0,0,3.8289,0,0,0,0,0,0.3284,0,0,0,0,0,0,0,6.2099,0,0,0,0,0,0,0,0,0,0,0,0,0,0,0,0,0,0,0,9.0065,0,0,0,17.8776,0.1548,2.2506,0,0,0,0,0.1502
"SBS48",0.426,0,0.4542,0,0,0,0,0,0,0,0,0,0.7304,0,0,0,0,0,2.3031,0,0,0,0,0,3.4338,0,0,0,0,0,0,0.9767,0,0,0,0.8009,0,8.3674,0,0,2.3015,0,0,0,0,0,0.9696,0,0.1786,0,0,0,1.3344,0,0.4257,0,0,0,1.7156,1.0067,0.5218,0,0,0.5722,0.2823,0,0.178,0.5096,0,2.2162,0,0,0,0,0.8549,0,1.8079,0,0,0,0,0,0,0,0,0,0,0,0,0,1.0343,0.1347,0,0.3172,0,0,0.5973,0.503,0,0.2977
"SBS49",0.8218,0.3215,0,3.2854,0,0,0,1.1734,0.6395,0,0,0,0,0,1.3939,0.0174,0,0,1.6762,0,0.6764,0.5525,0,0,4.8973,0,0,0,0.8565,0,0,0,0,0.7068,2.9205,0,0.7519,0,2.8125,0,0,0,2.2321,0,0,0,0,0.7777,0,0,0,0,0,0,0,0,0,0,0,0,0,0,0,0,0,3.3273,0.7876,0,0.9905,0,0,0,0,0,0,0,0,0,0,0,0,0,0.1745,0,2.2884,0,0,0.8978,0.6941,0,0,0,0.7075,0,0,2.2805,0,0,0,0
"SBS50",0,6.7324,0,0,8.4042,0,0.246,0,0,0,0,3.4898,0,0,0,0.888,8.4276,0.887,0.8488,0,0,0,6.5867,0,0,0,0,0,0,0,0,5.1912,0,0,0,0,0.7541,1.3455,1.109,0,0.2454,0,1.0427,2.8542,0,3.9362,0,0,2.4551,0,0,0,5.93,1.2101,7.2116,0,0,6.0856,2.7246,0,0.7329,0,4.1215,2.3966,0,0,0,0,0,0,0,8.6405,0,0,0,1.4315,0,0,0,0,0,0,5.0925,0,0.7561,0,0,0,0,0,0,0,6.815,0,0,2.8478,1.8449,3.9133,0,0.9917
"SBS51",0,0,0,0,1.6079,0,4.7799,0,0,9.6014,0,0,0,0,0.8852,3.2513,2.9326,0,2.422,0,2.6002,0,0,8.5805,2.9065,4.7645,3.9128,0,0,2.0907,3.2271,0,0.5561,0,0,0,0,0,0.7869,4.6239,1.4298,0,0,1.0813,0,0,0,0,0,0,0,0,0.6612,3.2626,0,5.3191,0,0,1.7608,0,0,0,2.0664,0,0,0,0,0,0,0,0,0,0,0,0,0,0,0,0.6707,0,0,0,0.2781,0,0,0,0,1.4644,0,0,3.3841,2.2929,0,0,0,0,0.1883,0,0,3.296
"SBS52",3.5565,0.0124,4.1635,0.9444,2.9649,0,0,0,7.8648,2.1407,0,2.8827,0,4.6263,1.4705,0,0,3.9208,0.9459,0,2.269,0,3.0197,0,0,3.478,0,0,0,0,3.9588,0.328,0,2.2419,0.7571,0,1.6666,2.4475,7.754,0,20.7558,0,0,0.2732,0,4.2809,0,0,3.5033,0,4.9179,0.0176,4.3838,4.8479,2.9107,0,0,0,2.0942,12.6539,0.4297,0,9.2881,0,2.0521,0,3.4919,0,2.0458,16.5998,0,2.3029,1.2711,6.6514,0,0,15.635,4.6962,0,3.4889,4.6865,0,6.0332,3.0668,0.7221,0,6.7407,4.301,1.5511,8.7674,0.7839,2.9853,0,3.8329,0.9404,0,2.0843,0,0,0
"SBS53",0,0,0,0,0,0.1757,0,0,0,1.8351,2.4446,0,0,0,0,5.209,8.0456,0,7.605,0,0,2.5694,0,0.2878,0,2.5232,0,2.3189,0,1.0921,0,0,0.5448,0,0,0,1.4658,0,0,0,3.7106,0.5809,0,0,0,2.4436,0,0,9.2307,1.179,0,2.587,4.1944,0.7185,0,0,0,0,0,0.2171,3.7734,0,0,0,0,0,0,0,1.6401,0,0,1.5704,11.662,0,0,0,9.9643,1.3426,0,1.4728,0.635,0,0,0,6.5977,0,0,2.1344,0,9.4035,0,0,0,0,0,0,0,6.8326,4.4876,0.7179
"SBS54",0,0.1722,4.458,3.985,12.5195,0.6508,3.3613,0,0,2.5516,0,0,6.6732,6.4477,0,1.0575,0.909,0,3.1314,2.7399,0,0,4.628,2.5034,2.4879,0,3.0136,0,4.5842,11.8338,2.2603,1.3579,1.7217,4.2147,3.1889,6.3975,0,0.0627,9.7178,0,0,0,5.1571,0,7.1684,3.4037,0,1.1248,5.5511,12.9368,2.2049,0,0,1.4036,0,0.9031,0.4201,0,1.5845,2.4361,0,0.5321,0.934,8.8431,0.7247,0,5.8096,0,3.6605,0,5.6064,4.2417,0,0,1.6753,2.1139,0,0,5.7495,0.2462,3.9778,4.0643,1.1594,1.8054,2.6221,0,0,1.87,5.61,0,0,1.5986,3.2042,0.277,0,0.5321,0,0,0,3.556
"SBS55",0,0,0.576,0,2.5911,0,0.6783,0.5492,0,0,0,0,0,0,2.3384,0,0,0,0,0,0,0,0,0,0,0,0,0,0,0,1.6231,0,0,0,0,0,0,6.2661,0,0.9507,2.3586,0,0,0,0,2.7562,0,1.9775,0,0,0,1.5395,0.3417,2.4598,0,0,0,0,0,0,0,0,0,0,0,0,0,0,0,0.6677,0,0,0.262,2.9273,0,0,1.2876,0,0,0,0,0,0,0,0,0,0,0.2967,0,0,0,0,0,0,0.2791,0,0,0.8674,0,2.3662
"SBS56",0,2.6896,0,2.2265,0,0,0,0,3.8718,0,0,0,1.5211,9.7304,5.0259,0,0,0,0,0,4.3848,0,0,0,0,0,0,0,0,3.6687,0,0,0,0,0,5.2853,0,0,8.3998,0,0,0,0,5.1205,0,0,0,0,0,0,0,0,2.5799,1.7931,3.6477,0,1.65,0.3031,0,0,0,0,0,0,3.2792,1.6034,0,0.7193,0,0,0,0,7.3596,0,0,6.1877,0,0,0,10.7025,0,0,0.5389,0,9.8742,0,0,0,0,0,0,1.6376,0,0,2.933,0,0,0,0,0
"SBS57",0,0,0,0,0,0,0,0,0,0,0,0,7.1135,0,0,0.5656,5.1598,9.6249,0,0,0,0,0,4.8021,0,0,0,0,0,2.034,0,0,11.8542,0,0,0.4719,0,0,0,0,0,0,0,0,0,0,0,6.5553,0,0,5.5541,0,0.5791,0,0,0,0,0,0,1.0159,0.9741,0,0,0,0,0,0,9.7808,0,0,0,0,0,3.2971,4.8694,0,0,0.8588,0,1.0238,0,0,0,0,0,0,1.2538,0,0,0,0,0.5147,0,0,0,0,0,0,0,0
"SBS58",5.1215,0,0,0,0.3513,0,0,0,0,0,0,13.3958,8.5321,0,0,0,0,0,4.1621,7.8445,0,19.8524,11.392,0,0,0,0,0,0,0,0,1.3359,0,8.1256,0,0.9355,0,0,0,10.6996,5.8358,0,1.5001,0,0,3.3593,0,0,3.3294,3.4525,0,2.079,0.041,0,1.5606,0,0.3957,0,3.627,0,0,0,0,0,0,0,0,0,0,1.1835,0,0,13.6071,9.8882,0,0,0,0,0,0,0,0,0,0,0,0,2.4849,0.2464,0,0,4.3886,0,8.6533,0,0,1.2803,0,0,4.0898,0
"SBS59",0.4937,0,4.351,0.9762,0,0,3.002,0,0,0.0519,0,0,2.4284,1.3767,0,3.7975,0,4.8601,0.9164,0,5.7089,0,1.9296,0,0.0707,0,0,0,0,0,11.4405,0,0,0,0,0.8387,3.4515,0,0,1.4019,0,1.817,0,0.9187,7.3965,1.2364,0,0,3.3975,7.3556,0,0.8822,0,0.7451,0,1.1434,0,0,0,1.2679,0,0.8749,0,0,2.391,0,2.7719,0,1.2743,0,0.9718,0,0.2548,6.8264,0,1.0299,0.5576,1.8481,4.6182,0,0,0,0,0,2.8626,0.799,0,0.4879,0.002,1.3034,0,0,0,0,0,0,0,7.3192,0,0
"SBS60",0,0,0,0,0,0,0,0,0,0,1.2905,0,0,0,0,0,0.0641,0.5844,0,0,0,1.7176,0,0,0.7584,0,0,0,0,0,0,0,0.7877,0,0,1.3859,0,0,0,1.163,0,0,0,0,0,0,0.8434,0,0.7649,0,0,0,0,0,0,0,2.3858,0,0,0.25,0,0,0,0,0.0188,0,0.7545,0,2.4215,0,0,0,0,0.1808,0,0.7359,0,0,0,0,0,0,0,0,0,0,0,0,0,0,0,0,0,0,1.0197,0,1.2589,3.244,0,0
"SBS84",6.8779,3.6914,0,0,0.8541,0,4.3195,0,0.9848,0,0,0,0,0,0,0,0,0,0,0,0,0,0,0,0,0.7485,0,0,0,6.5248,0,0,0,0,0,2.4446,0,0,0,0,4.1033,7.4708,0,0,0,0,0,0,0,0,0,0,0,2.6011,0,0,0,0,0,0,0.8312,0,0,0,0,0,0.6041,0,0.8513,0,0,0,2.5777,4.3075,0,0,12.8127,0.1242,0,0,2.3752,0,0,0.4725,0,0,0,0,0,0,4.8042,0,0,0,1.3612,0,7.1947,0,0,0
"SBS85",0,0,0,0,0,0,0,0,0,0,0,0,0,0,0,12.2968,0.669,0.899,0,0,0,0,0,0,0,0,0,0,0.4889,0,0,0,0,0,0,0,0,0,0,0,0,0,0,0,0,1.2536,0,4.9792,0,0,0,0,0,0,0,0,0,0,0.8287,0,0,0,0,0,0,0,3.0896,0,0,0,0,0,0,2.3907,19.7546,0,0,0,0,0,0,0,0,0,0,0,0,0,0,0,0,0,0,0,0,0,0,0,3.4292,0
