"","S0","S1","S2","S3","S4","S5","S6","S7","S8","S9","S10","S11","S12","S13","S14","S15","S16","S17","S18","S19","S20","S21","S22","S23","S24","S25","S26","S27","S28","S29","S30","S31","S32","S33","S34","S35","S36","S37","S38","S39","S40","S41","S42","S43","S44","S45","S46","S47","S48","S49","S50","S51","S52","S53","S54","S55","S56","S57","S58","S59","S60","S61","S62","S63","S64","S65","S66","S67","S68","S69","S70","S71","S72","S73","S74","S75","S76","S77","S78","S79","S80","S81","S82","S83","S84","S85","S86","S87","S88","S89","S90","S91","S92","S93","S94","S95","S96","S97","S98","S99"
"SBS1",0,0,29.2205,0.5612,6.3754,0.731,0,0,0,2.266,0,0,11.7063,18.6887,0,20.8991,0,20.2667,0.2433,0,0,0,0,0,0.4817,0,0,4.2178,9.0742,23.8984,0,16.125,0,11.3783,25.7232,20.7651,0,11.204,10.5955,0.0548,0,14.1701,0,6.8476,0,0,32.0317,0,2.056,11.1959,9.1486,7.5178,0,0,10.9493,0,3.2928,23.2435,0,0,23.5378,19.384,0.1343,1.7164,14.4151,15.8831,0,8.9697,2.1335,28.7125,18.3456,19.4584,0,11.5929,0,0,0.8772,0.5404,13.252,0,0,0,0,16.1382,23.803,0,12.9418,0,7.1873,0,8.1346,0.3255,0,0,1.8227,9.962,0,0,12.3891,7.7427
"SBS2",2.4413,4.8753,11.8567,39.8402,0,30.1335,5.0117,1.9068,34.5222,0,29.6149,18.7388,14.9962,0,0,0.6348,0,0,0,27.9626,28.6088,0,8.4741,3.3593,2.7572,0.26,0,0.4734,1.7066,0,0,3.8952,11.2917,0,0,0,0,0,18.2799,3.7334,0,0,0,29.1246,0.9021,13.7043,0.1143,6.7844,1.6642,2.6547,1.3536,2.1018,31.838,0,3.7344,0,4.0121,2.5327,24.5909,35.4374,0,1.7163,26.2096,0,0,10.4593,0,0,0.1284,9.1147,2.0215,1.4725,5.4349,15.3428,35.2043,14.6024,0,40.1233,1.6887,47.5056,10.1976,1.0374,0,22.6013,0,19.5811,20.02,3.5536,1.3676,2.8124,30.8124,15.6491,30.0308,2.9887,32.3094,10.878,18.4304,0.6079,3.4193,0
"SBS3",13.9853,0,0,0,0,0,0,0,0,0,0,0,0,0,0,0,0,0,0,0,0,0,0,0,0,0,19.8123,0,0,0,0,0,0,0,0,0,0,0,0,0,0,6.5208,21.7083,0,0,0,0.7856,0,0,0,0,0,0,0,0,0.4465,0,0,16.1795,0,0,0,0,0,0,0,0,0,0,0,0,0,0,0,0,0,0.493,0,0,0,0,22.7316,0,0,0,0,0,0,0,0,0,0,0,0,0,0,0,0,0,0
"SBS4",0,1.4431,1.0541,0,0,0,0,21.9997,0,0,0,0,0,0,30.1471,4.8525,0,10.4043,3.756,0,0,9.142,4.2617,0,7.7622,0,0,0.4843,0,0,0,0,0,0,0,0,1.962,0,0,0,43.6877,0.2377,21.5011,0,9.0606,6.5782,0,0,7.2994,0,0,0,0,25.8243,0,16.0876,0,12.2314,0,0,0,0,0,1.7764,5.0807,0,0,0,0,0,3.6833,0,3.1107,0.5597,0,0,0,0,0,0,0,0,0.6399,0,0,0,0,0,0,0,0,0,0,0,0,14.5421,0,0,0,0
"SBS5",0,0,0,0,0,0,2.0917,0,0,0,0,0,0,0,0,0,0,5.2116,0,0,0,0,0,0,0,0,0,16.8605,11.5309,0,27.4279,0,0,0,19.0149,0,0,0,0,0,0,0,0,0,0,0,0,0,0,0,0,0,0,0,0,0,0,0,0,0,11.518,7.6936,0,0,0,0,0,0,0,0,0,0,0,0,0,0,0,0,0,0,0,0,0,0,0,0,0,0.9904,0,0,0,0,0,0,0,0,3.1545,0,0,20.5948
"SBS6",0,0,3.9047,2.2001,6.0384,0,0,0,0.7223,0,0,0,0,0,0.0211,0,0,9.8256,0,0,0,3.2589,0,0,0.2802,0,0,5.8513,7.0401,0,0,12.3827,0,0,2.5264,0,0,0,0,0,0,0,0,0,0,0,0,0,0,0,0,10.3034,0,0,0,0,18.2864,0,0,0,1.2915,0,0,0,0,0,0,0,0,0,5.4204,0,0,0,2.0837,0,0,0.1715,0,6.4698,0,0,0,4.5835,0,0,8.9006,0.94,0,0,0,0,0,0,3.2382,0,0.2238,0,0,6.0832
"SBS7a",1.7234,0,6.9945,0,0,0,0,0,4.3244,0,15.053,0,0.0531,5.9344,0,1.0163,0,0,4.7565,0,0,0,0.5923,0,0,0.7875,5.1457,0,0,0,0,8.3032,0,0,0,3.1783,0.8509,0,5.4816,2.6186,0,0,0,0,0,0,4.6005,1.3204,0,0,0.2239,0,9.5873,0.5338,0,0,0,0,0,0,0,0.0261,0,0,0,8.8755,3.0085,0,0,4.6425,4.331,0,0,0,0,0,0,3.8345,1.3856,0,0,0,0,0,0,0,0,0,0,0.4368,0,6.1248,0,4.8132,0,5.8569,4.5748,0,0,0
"SBS7b",0,0,0.448,0,4.8246,0,0,0,0,0,0,0,0,0,0,0,0,0,0,0,0,0,0,0,0,0.0818,0,0,0,0,0,0,0,3.2919,0,0,1.1183,0,0,0,0.7799,0,0,0,0,0,0,0,0,0,1.0459,0,0,0,0,0,0,0,0,0,3.3032,0,0,0,0,0,0,0,1.0494,0,0,0,0,0,1.8196,0,0,0,0,0,0,0,6.8401,0,0,0,0,0,0,0,2.6154,0,0,0,0,0,0,0,0,4.6898
"SBS7c",0,0,0,2.7368,4.5174,1.8238,1.6569,0,0,0.6109,0,0,0,0,0.3743,1.6827,11.1233,0,0,0,0,0,0,0,0,4.6761,2.8951,0,3.1199,0,0,0,0,2.269,2.7122,0,0,0,5.5502,11.067,0,0.8893,0.4095,1.3029,0,4.0608,0.6084,2.7331,0,5.6703,2.5919,3.4553,1.2665,0,1.0556,0,0,1.3024,0,0,0.3183,0,0,0,0,0,4.409,0,0,0,3.529,0,0.1564,2.8997,0,0,1.6909,3.482,0,0.1059,1.1913,0,5.2208,1.2402,0,3.2844,0,0,0,2.7441,0.2744,1.3676,0,0,0.0606,0.9799,0,0.5218,5.5132,6.7108
"SBS7d",0.1043,9.3753,0.8049,0,3.6242,0,0,0.5508,0,0,1.6302,0,0,0,0,0,0,3.0057,0,0,2.3768,1.2094,0,0,0,3.6379,0,0,0,0,0,0.2279,0,1.8218,0,0,0,6.0617,0,0,0,1.8443,0,0.9744,0,0,0,0,2.3724,0.4763,0,0,9.3783,0,1.2613,0.0958,4.8335,0,0,0,1.1469,0,0,0,0,0,0.0375,0,0,0,0,1.2974,0,0.2957,1.7179,0.5163,0,0,0,0,0,2.8572,0.6063,0,0.7907,2.4818,0,0,0.9164,4.4325,0,0,0,3.7277,0,0,0,2.8281,1.5505,0
"SBS8",1.6869,0,0,3.9278,0,0,0.5101,0,0,0,0,0,0,0,0,0,3.8859,1.6746,22.6907,0,4.9181,0,0,0,16.9943,0,4.1879,5.4889,0,0,0,0,7.6747,1.0555,0,0,20.8743,0,11.458,0,0,2.1886,0,0,0,6.7294,0.6217,0,5.6739,0,0,0,0,5.7448,6.0048,14.4784,6.0884,0,0,0,0,0,0,0.1056,5.8563,0,3.3488,0,8.0514,0,0,0,6.8341,0,0,0,0,0,0,0,5.8313,0,0,0,0,0,0,24.2184,0,0,0,0,6.3378,0,0,0,15.1446,0,0.2627,3.3643
"SBS9",0,0,0,0,0,0,1.6054,0,0,0,0,0,0,0,0,0,0,0,0,0,0,0,0,0,0,0,0,0,0,0,0,1.9689,6.8618,0,0,0,0,0,0,0.3617,0,0,0,0,0,0,0,0,0,0,0,0,0,0,0,0,0,0,0,0,0,0,0,0,0,0,0,0,0,0,0,0,5.045,0,0,0,2.8874,0.3443,0,0,0,0,3.0603,1.4423,0,0,0,0,0,0,0,0,0,0,0,0,0,0,0,0
"SBS10a",0,0.5822,1.6775,0,0,0,0.0069,0,0.5772,3.5031,0,0,0,0,0,0,0,1.3479,0,0,4.9917,1.0791,1.6059,0.4607,0,0,0,0.2986,0,0,0,0,2.9286,0,0,0,0,8.5049,0.3365,0,1.7484,0,7.7159,0,0,2.0412,0.3226,0,0,0,0,0,0,4.2981,3.0521,3.0353,0,0,0,0,0,0,0,0,0,0.739,1.1473,2.3787,0,0,0,0,0.8443,0,0,0,2.265,0,0,0.2334,2.1009,0.6607,2.6751,0,0,0.5052,0,3.606,0.9103,0,0,0.3691,1.077,0.6097,0,0,0.5391,2.7112,0,0
"SBS10b",0,0,0.2317,0.9377,1.5827,0,0.2582,0.0195,6.0262,0,1.392,3.1457,0,5.9076,5.4031,0,2.7733,0,0,0,0,0.4892,2.1985,3.6684,1.4056,3.6259,0,2.9924,0,0,1.2293,0,0,1.6137,1.61,0,0,0,2.145,0.379,5.0481,0,0,0,1.9088,0,2.0882,0,0,5.8532,0,7.7128,0,0,0,0,0,0,0,0.7178,0,0,4.2908,3.941,0,0,0.5487,4.7636,0,0.9333,2.0254,0,0,1.3038,0,0,1.8865,0,0,0.602,0,0.4975,0,5.576,0,3.7245,0.0512,0,0,0,3.2065,0,0,0,1.9279,0,0,0,0,5.2732
"SBS11",0,0,0,0,0,0,0,0,0,0,0,0,0,0,0,3.0176,0,0,0.4655,0,0,0,0,0,0,0,0.7018,0,0,0,0.6578,0,0,0,0,0,0,0,0,0,0,0,0,0,0,0,0,0,0,0,0,0,1.4027,0,2.5931,0,0,0,0,3.0027,0,0,6.9784,0,0,0,0,0,0,4.0221,0,0,0,0,0.6349,0,0,0,0,0,0,0,0,0,5.2006,0,0,0,0,0,0,0,0,0,0,0,0,0,0.8332,0
"SBS12",3.8136,0,0,0,0,0,0,0,0,0,0,0,0,10.336,0.9718,0,5.704,7.5802,0,1.3055,0,5.9421,0,9.5784,7.2809,0,0,0,0,0,2.5369,1.6805,0,0.8054,0,6.2237,3.1731,0,0,0,0,3.0308,5.4478,5.8385,0,0,8.1677,0,0,14.6959,0,0,0,4.1967,0,0,0,0,0,0,5.2337,11.8618,1.685,2.8883,0,0,0,3.8329,0,0,0,0,19.9357,0,10.1381,9.8428,12.4449,0,0,0,0,0,0,0,0,7.5355,0,4.6655,3.5498,0,9.1185,0,0,3.1343,0,0,3.6812,0,0,0
"SBS13",1.6333,0,1.9312,18.155,2.913,11.6339,1.8687,2.6704,47.5146,0.6028,42.5927,23.9735,11.6862,0,0,2.0863,0,0.081,1.6836,44.0678,22.7684,0,19.6052,1.8867,0,0.7874,0,1.6981,26.6026,0,2.5227,13.2304,30.9321,16.9222,4.2542,0,1.3595,0,20.5278,0,0,0.1583,0,10.7235,0,16.9354,0,2.8115,6.0649,9.1207,14.8652,1.6151,33.2892,3.6964,1.0384,0,0,0.3451,26.8278,30.1984,1.2211,0,30.9064,0.3193,25.0421,10.5331,26.086,2.7195,3.9714,0,3.2599,0,3.8571,14.83,31.5483,25.8828,0.3173,37.0099,0,28.9354,11.8597,22.9087,0,0,0,19.7642,12.6912,0,20.5963,0,0.0667,24.9174,11.5928,9.6623,33.55,14.0875,12.7378,0.4403,0,0.2754
"SBS14",0,0,0,0,0,5.0664,0,0,0,0,0,0,0,0.3718,0,0,2.9748,0,0,0,0.579,0,0,4.0464,0,0,0,0,0,2.7449,0,0,0,0,0,0,0,0,0,2.8183,0.4455,0,0,0,0,0,0,0,0,0,0,0,0,0,0,0,0,0,0,0,0,0,0,8.9423,0,0,0,0,1.8943,0,0,0,0,0,0,5.4667,0,0,0,0,0,1.049,0,0,0,0,2.2798,0,0,0,0,0,0,0,0,0,0,0,0,0
"SBS15",0,0,0,0,0,1.2706,0,0,0,0,0,0,0,0,0,0,0,0,0,0.5409,0,0,0,0.9007,0,0,0,0,0,0,0,0,0,0,0,4.7132,0,14.9322,0.7374,0.6599,0,0,0,0,0,0,5.1313,0,0,1.6364,0,0,0,0,0,0,0,0,0,0,0,6.5083,0,0,0,6.6456,0,3.7148,0,0.2277,0,0,0,0,0.4469,0,0,0,0,0,0,0,0.4367,0,1.6809,0,0,0,8.3256,0,14.1275,0,0,0.8207,0,0.6602,0,0,0,2.9574
"SBS16",0,13.3416,6.2205,3.7948,9.4534,14.6386,8.6115,18.4792,2.0333,11.1856,0,0,4.8425,1.728,7.9591,11.2107,5.5832,0.8993,2.3681,6.3647,2.6863,13.0176,8.6607,0.7894,2.971,0,9.9444,4.2736,3.27,13.4905,11.1152,16.0845,0,11.3012,0.05,10.2915,11.977,9.2917,1.1445,3.528,9.0261,3.8928,3.5682,0,8.3008,0,0.049,10.5803,0.0136,3.8292,7.6538,0,0,4.5459,0.8059,0,0,0,3.9241,0,10.8129,21.7945,1.6633,9.1489,4.3897,0,13.38,2.6108,11.6269,10.1008,5.4421,17.0459,3.5743,4.6749,2.9201,15.2571,7.5894,2.3977,4.1327,8.7124,6.2717,1.4874,11.6802,8.6985,0,4.966,9.6669,0,0.5411,0.6079,7.5576,1.0583,1.506,2.9875,0.8971,12.5236,0,8.6483,11.5808,3.849
"SBS17a",0,2.0993,0,0,1.4424,0,0.8972,0,0,0,0,1.995,0,1.0919,0,0,0.9089,0,0,0,0,0,1.9285,0,0,0,3.6614,0,0,0,2.6104,0.2756,0,0.838,0,0,0,0,0,0,2.3131,0,0.298,0.076,3.0944,0,0.0087,0,0,1.0395,1.1397,0,0.4126,0,0,0.0787,4.182,1.0039,0,0,0,0,0,0,0.8938,0,1.066,0,0,1.0868,0,2.9314,3.7584,0,0,0.4596,0.6439,0.4225,0,0,0,0.9652,0,0,0,0,0.2273,2.6949,0,0,0,0,1.5831,0,0,0.5373,0,1.6676,0,0
"SBS17b",0.0785,0.4241,0.6015,0,0.8661,2.5132,0,0.2416,1.4211,0,0,2.7695,0.9731,0,0.855,1.0241,0.4839,0,0,1.4041,0.5435,0,0.9107,0,0,0.4401,0,0,2.7725,0,1.1848,1.3184,0,0,0,0,0.9007,0,0,0,1.106,0,0.4848,0,0.6509,0.8235,0,1.0679,0,0,0,4.0345,0,0,2.179,1.0311,1.3254,0.8716,0.7073,0,0,0,0,0,0.7278,0,2.6844,0,0,0,0.7243,1.5198,2.301,0,0,0,0,0,0,0,0,0,0,0,0,0.8264,0.3233,0,1.7133,0,0,0,1.1022,0,0,0,4.6159,2.3959,3.2451,0.8644
"SBS18",8.4619,0,0,0,29.2865,0,38.1219,5.316,0,17.5213,0,0,33.6866,19.3726,0,6.1103,0,0,0,0,0,0,0,0,0,0,16.9748,18.2722,2.2569,33.2685,8.6528,0,0,0,3.2638,25.8744,0,32.7567,0,0,0,0,0,0,13.7266,0,0,6.5009,0,14.7217,19.5545,0,0,0,21.3406,0,0,0,0,0,9.6481,0,0,0,2.1911,0,6.6489,18.6966,8.4284,5.2839,0,29.8954,0,0,0,0,20.5351,0,29.1551,2.9129,0,14.3765,0,0,22.946,0,0,0,8.0367,0,0,0,0,3.8054,0,0,0,13.3805,0,21.5579
"SBS19",11.9778,0,0,2.2841,0,0,1.368,4.974,0,0,0,0.1039,0,0,0,6.6573,0,0,0,1.1626,0,8.3983,6.556,0,0,0,0,0.8483,0,4.4299,0,0,0,1.112,0,0,12.4314,4.0895,0,0,0.7716,0,0,0.4131,10.5197,0,0,0,1.4665,0.7233,0,0,0,0,0,0,0,1.567,0,5.2202,1.6875,0,3.0806,0,1.1853,3.716,14.4577,0,0.8255,0,0,0,0,0.3359,0,2.6671,0,0,0.0796,0,3.2215,0,0,8.8143,0,0,0,1.7398,5.5037,0,0,3.9314,0,5.7239,0,0,9.942,0,0,0
"SBS20",0,0,4.5429,0,0,0,0,16.2829,0,0,1.9631,0,6.8298,0,18.1378,4.404,4.8655,0,0,0,0.6878,0,0,0,12.4841,0,0,0,0,0,1.3678,0,0,0,0,1.1536,0,0,0,0,0,0,0,0,7.6788,0,0.59,0,0,0,0,0,0,0,4.997,16.0632,0,0,0,0,0,0,0,7.8842,0,0,0,0,0,0,0,0,0,0,0,2.183,0,1.9479,6.004,0,0,0,0,0,0,0,0,0,4.3852,0,0,0,0,0,0.7254,5.0988,0,7.4502,0,0
"SBS21",0,0,0,0,0,0,0,2.6446,0,2.3305,3.2102,0,0,5.3575,0,0,0,0,0,0.3403,0,3.9604,0,1.389,0.9313,0,0,4.9197,0,0,1.9389,4.3754,0.196,0,0.0639,0,0,0,0,0,0,2.444,0,0,0,0,0,0,0,0,0,0,0,0,0,0,0,0,0,3.1815,0.3334,0,0.8504,0,0,2.3583,0,0,0,1.4871,4.6801,2.7917,0,0,0,0,0,0,0,0,0,0,0,0,2.3269,0,0,0,0,0,0,0,0,0,0,3.8028,0,3.9794,0,0
"SBS22",0,0,0,0,0,0.1588,0.5889,0.5298,0,2.445,0,2.308,0,0,0,0,0,0,0,0,0,1.3429,0,3.7481,0,2.1345,2.8672,0,0,3.8908,0,2.1863,0,0,0,0,0,0,0,0,9.1127,0.0615,0,0,0,0.5581,0,0,0,0,0.7046,0.4551,0,0,0,3.3421,2.6686,0,0.1807,0.2218,0,0,0,0.6519,1.1337,0,0,0,0,0,0.4912,0,0,0.2801,1.8611,1.1404,0,0.3148,0,0,0,0.1088,0,0.1727,1.7359,0,2.1606,0,0,11.6427,0,0.8413,0,0,4.4949,2.2218,2.5236,0.9639,0,0
"SBS23",0,0,0.927,0,2.0313,7.6346,0,0,0,0,0,0,0,0,0,0,0,0,0,0,0,0,0,0.4651,0,0,1.6486,0,0,0,2.0752,0,0,0,0,0,0,0,0,0,0,0,0,0,0,0,0,5.7977,0,1.5053,0,0,0,0,0,0,0,0,6.3652,0,0,0,0,0,2.2056,0,0,0,6.154,0,0,0,0,2.2714,0,0,0,0,0,0,0,0,0,0,2.4514,0,0.7192,0,0,4.17,0,0,0,0,0,0,0,0,0,0
"SBS24",0,0.2525,0,0,0,0,0,0,0,0,0,0,0,0,2.2055,0,0,0,1.8764,1.4072,0,8.7153,0.0758,0,0,1.2653,2.4572,0,4.4499,0,0,0,2.9845,0,3.2663,7.5404,9.8288,2.6478,0,0,0,0.2374,3.3214,0,2.5762,0,4.1291,2.0755,0,0,0,0,6.6475,4.3358,0,3.7339,0.8549,0,0,0,0,0.6414,0,0,6.4678,0,0,0,1.8027,0,0,2.0624,0.0327,0,0,0,1.1537,0,0,0,10.249,0,13.9754,1.564,0,0,0,1.8785,0,0,0,0,0,0,0,0,0,0,0,0.3932
"SBS25",0,0,0,0,0,0,0,0,0,0,0,0,0,0,0,0,0,0,0,0,0,5.6937,0,0,0,0,0,0,0,0,0,0,0,0,0,0,0,0,0,0,0,8.1623,0,0,19.048,0,0,0,0,0,0,7.9152,0,0,0,0,0,0,0,0,0,0,0,0,0,0,0,0,0,0,0,0,0,0,0,0,0,0,0,0,8.4698,0,0,0,0,0,0,0,0,0,0,0,0,14.2583,0,0,0,0,0,0
"SBS26",0,0,1.4663,0,0,0,0,0,0,0,0,0,3.478,0,0,5.3508,0,0,0,0,0,1.6825,0,0,0,0,0,0,0,0,1.5899,0,0,0,0,0,0,0,0,0,0,0,0,0,0,0,0,0,1.5275,0,4.3629,0,0,0,0,0,0,0,0,0,0,0,0,0,0,0,0,0,0,0,0,0,0,0,0,0,0,3.9634,0,0,0,11.6694,0,0,0,0,0,0,0,0,0,2.6002,0,0,0,0,0,0,0,0
"SBS27",0.4884,0,0,0,0,0,1.5118,0,0,0,0,0.0628,0,0,0,0.7564,0,0,0,0,0,0,0,0,0,0,0.1074,0,0,0,0,0,0,0,0,0,0,0,0,0,0,0,0,0,0,0,0,0,0,0,0,0,0,0,0,0,0.6845,0,0,0,0,0,0,1.819,0,0,0,0,0,0.937,0,0,0,0,0,0.5668,0,0,0,0,0,1.0944,0,0,0,0,0,0,0,0,0,3.6512,0,0,0,0,0,0,0,0
"SBS28",0,2.6872,4.1193,1.8572,0,0,0,4.5824,0,0,0,0,0.7616,0,0,0,0.5231,0,4.7778,0,6.1547,0.4604,5.5517,0,0,0.1971,0,0,1.177,0,0.1005,1.2888,0.8718,5.3618,0,1.5037,0.3632,0,2.4738,2.37,0,2.4549,4.0957,0,0,4.9936,0.5478,0,1.4919,0,0,3.0376,0,0.8686,4.3766,0,0,0,0,0,0,3.7532,0,0,3.0828,0.5929,0,5.2803,0,0.7665,4.0487,0.9101,0,2.8885,1.2883,0,0,1.4422,5.0743,1.0758,3.1861,2.3292,0,0.0121,1.0186,0,4.5255,0.5032,0,0.9383,0,0,0,2.5739,0,0.8892,0,0,0,0.7267
"SBS29",3.4603,0,0,0,0,0,0,4.4334,0,0,0,0,0.0452,0,0,0,0,7.3228,0,0,0,0,0,0,6.3788,0,2.9659,3.2957,0,0,0,0.7232,0,0,0,0,0,0,0,0,0,0,0,0,3.9335,0,0,0,0,0,4.4659,0,0,0,0,0,0,0,0,0,0,1.6795,0,2.2623,0,0,0,0.5585,0,0,0,0,0,0,0,0,0,0,0,0,0,0,0,0,7.2935,0,0,0,0,11.3397,0,0,0,0,0,0,0,4.3863,0,0
"SBS30",0,6.0977,0,0,0,0,0,3.552,0,16.1315,0,3.8677,0,0,0,0,1.0041,4.3845,11.9818,0,0,4.8551,0,0,0,0,0,0,1.6862,0,12.6768,0,0,0,7.2815,0,1.5972,0,7.2069,0,7.7295,6.3179,14.6619,0,0,8.9164,8.5256,3.7487,0,0,11.441,3.514,0,10.5321,0,0,3.5889,9.6126,0,0,0.0369,0,0,0,2.7193,0,0,0,0,0,5.2637,1.233,1.4891,4.4011,0,0,6.2997,0,4.0159,0,8.0045,0,0,0,0,13.1519,0,0,1.4309,0,0,1.9398,5.549,0,0,8.5939,0,0,0.1808,0
"SBS31",0,2.6391,0,0,3.6159,0,0,2.505,0,1.3375,0,0,0,0,0,4.2486,0,0,0,0,0,4.5873,0,4.4612,0,1.2115,0,0,0,0,0,0,0,9.8084,0,0,0,0,0,0,2.6042,0,0,0.1985,0,0,0,0,9.3584,0,1.8059,11.3087,0,0,0.7019,0,0,0,0,0,0,0,0,1.7002,0,0,0,4.7197,0,0,0,0,0,0.5475,0,0,0.0187,0,2.1628,0,0,0,7.4192,0,0,0,0,5.267,0.6727,0,0,0,0,0,0,0,0,0,0,2.8691
"SBS32",0,0.5002,0.571,0,0,0,11.545,4.7311,0,7.2807,0,6.5444,0,0,0,0,0,5.7404,1.2925,4.2751,2.9679,4.3828,0,0,3.5646,2.5882,5.9411,0,4.1259,2.4259,3.9945,0,13.4103,0,1.3904,6.4866,0,0,0,0,0,0.652,0.2315,1.1281,2.348,6.5186,7.6831,3.7812,3.2113,12.483,9.5584,7.8227,0,1.0537,5.4499,7.5758,0,0,0,3.458,8.288,2.8363,3.2421,7.4869,6.9609,0,0,13.6889,0,5.8719,0,0,2.1829,0,0,6.7016,3.8807,0,0.445,0,4.4692,1.9842,0,9.8385,0,0,0,3.6188,6.8129,0,0,0,0,0,0,0,1.343,5.3704,11.8701,0
"SBS33",0,0,0,0,0.1576,0,0.5572,0,0.7129,0,0,0.9166,0.6077,0,2.0353,0,0,0,0,1.55,0.6562,0,0,0,0,0,0,0,0.279,5.1988,0,0,0.1396,0,1.5952,0,0,0,0,0,0,1.5608,5.404,24.2663,1.5502,0,0,0.7432,0,7.8427,0,0,0,1.9566,0,0,0,0,0.128,0,0,0,0,2.5891,0,22.2933,0,0,0.4043,0,0,0.9034,2.7378,1.248,0.7206,0,0,2.3902,2.661,0,0,0,0.017,0,3.3753,0,0,6.6109,0,8.8746,0,0.3595,0,0,0,0,0,3.3195,0,0
"SBS34",0,0,0,1.0753,2.124,0.1211,0,0.9666,0,0,0.365,0,0,0,0,0.5727,0,0,0,0.9942,0.0346,0,0,0,5.1953,0,1.1644,0,0,0.3187,0,0,1.7755,0.2945,0,0,0,0,0.4051,0,0.3828,0,0,0,0,0,0,2.3207,1.6656,1.3935,0,0.1563,0,0,0,0,0,0,0,0,0,0,0.2289,0,0,0,2.0926,0,0,0,0.8711,2.4285,0,0.3247,0,0,0,0,1.0622,0,0,0,1.8814,2.4106,0,0,0,0,0,0,0,0,0,0,0.8271,0.64,0.8891,0,0,0
"SBS35",0,0,0,0,0,0,0,0,0,0,0,0,0,0,0,0,0,0,0,0,0,0,0,0,0,7.1588,0,0,9.2514,0,0,0,0,0,0,0,0,0,0,0,0,0,0,0,0,0,0,0,0,0,0,0,0,0,0,2.2466,3.9449,2.0478,0,0,0,0,0,13.7791,0,0,0,0,0,0,0,0,0,0,0,0,0,0,0,0,0,0,0,0,0,0,0,0,0,0,0,0,0,0,2.3497,0,0,1.5332,7.2792,0
"SBS36",0,2.9914,0,0,0,0,0,0,0,0,0,0,0,0,0,1.8558,0,0,3.064,0,0,0,0,0,0,1.8922,0,5.7085,0,0,0,0,0,0,1.8492,0,0,3.65,0,0,0,0,0,0,0,0,0,5.3005,0,1.8515,0,0,0,0,0,0,0,0,0,0,0,0,0,0,0,1.6231,0,0,0,0,0,0,0,0,0,0,0,0,0,0,0,0,0,0,0,0,0,0,0.589,0,0,0,0,0,0,0,0,1.4784,0,5.9668
"SBS37",17.0052,6.9667,0,7.4409,0,0,11.4215,0,0,7.5671,0,5.3883,0.6936,0,2.8566,0.6989,0,0,11.6751,0,0,2.0194,5.8551,0,0,0,0,0,0,5.5122,0,0,2.1682,0,7.8563,0,0,0,7.3213,3.8855,0,0.2522,0,0,0,0,0,16.0179,4.4472,0,3.7939,0,0,0,0,0,8.8049,12.7162,7.652,0,0,6.4227,0,0,0.7829,0,12.0316,1.3708,15.2856,9.8563,0,0,0,0,0,5.8684,0,0,0,2.8017,0,4.9819,4.4807,0,0,0,6.1906,0,6.7659,0,0,8.8087,5.8935,0,0.1848,0,2.9753,0,0,0
"SBS38",0,0,0,0,0,0,0,1.4899,0,1.6553,0,0,0,0,0,0,1.8059,0,2.4502,4.3136,0,1.0839,0,6.4676,0,0,0,1.2801,0,0,0,0,0,0,0,0,0,0,0,0,0,0,0,0,0,0,0,0,0,0,0,0,0,0,4.2504,0,0,0,0,0,0,0,0,1.3903,0,0,0,0,0,1.1703,0,0,0,0,0,0,0,0,0,0,0,0,0,0,3.7548,0,0,0,3.8485,12.6162,0,0,0,0,0,0,0,0,0,0
"SBS39",0,21.8046,2.1898,10.7338,0.5838,10.5917,1.6662,0,3.1309,9.7119,0,19.2141,4.3997,1.2144,9.4714,0,30.4468,5.4637,2.2335,0,5.918,7.8147,22.0617,21.1144,22.5853,9.8258,3.5863,7.8039,0,0,3.6021,2.3495,0,8.3437,5.6957,5.2683,1.7661,0.2819,0.4561,46.3176,13.0417,12.334,0,3.8815,0.8166,8.966,0,18.9619,0,3.6205,0,12.9084,0,0,10.2439,17.2295,11.936,19.0697,12.2461,5.6848,0,5.0083,5.3302,11.326,0.9136,1.9424,2.8756,11.0881,7.3602,5.7969,17.3208,0.9301,0,10.0918,0,1.7136,0,0,8.0109,0,13.5068,8.9443,10.2547,11.7519,0,21.0271,5.2398,28.1929,0,8.7936,0,0,0,14.3602,8.9527,0,6.9617,8.5091,11.9848,0
"SBS40",14.7681,1.5962,0,0,0,0,0,0,0,0,0,0,0,0,0,0,19.1544,0,0,0,0,0,2.1682,0,0,38.0325,0,0,0,0,0,0,0,0,0,0,0,0,0,0,0,0,0,0,0,0,0,0,12.3138,0,0,0,0,0,3.8008,0,0,0,0,0,0,0,0,0,0,0,0,0,7.8669,0,0,0,21.7062,0,0,0,0,0,0,0,0,0,0,0,0,0,0,4.6085,0,0,0,0,0,0,0,0,0,0,0,0
"SBS41",15.2481,5.343,0,0,0,0,0,0.9181,0,0,0,0,0,0,0,0,0,5.2961,0,0,0,0,0,0,0,0,0,0,0,0,0,0.5692,0,9.0002,0,0,0,0,0,0,0,0,0,0,0,2.5738,0,0,0.372,0,0,0,0,0,0,0,0,0,0,0,0,0,0,0,0,0,0.942,0,0,0,0,0,0,0,0,0,0,0,0,0.5238,0,0,0,0,0,0,0,1.9407,0,0,0,0,0,0,0,0,0,0,0,0
"SBS42",0,5.5461,10.728,0,9.3603,0,0,0,0,0,0,0,0,0,3.933,0,9.3029,0,0,0,8.0451,0,11.621,0,0,5.4602,0,0,1.4077,0.9765,0,0,0,0,0,3.5778,0.5589,0,0,13.41,0,3.6565,0,3.6576,0,0,0,0,0,0,0,0,0,2.304,0,0.603,0,0,0,0,0,0,0,0,9.1121,0,0,0,8.0877,0,0,0,0,0,0,0,0,0,0,0,0,1.9695,0,0,0,6.0395,0,0,0,16.404,0,0,0,0,0,0,10.2221,0,0,0.844
"SBS43",0,0,0.2593,0,0,1.1112,0,0,0,0,0,0,0,0,0,0,0,0,0,0.3673,0,0,0,0,0,0,0,0,0,0,0,0,0,0,0.1936,0,0,0,0,0,0.8771,0,0,0,0,0.951,0,0,0,0,0,0,0,0,0,0,0.0985,0,0,0,0,0,0,0,0,0,0,0.522,0,0,0,0,0,0,0,0,0,0,0,0,0,0,0,0,0.9961,0,0,0,0,0,0,0,0,0,0,0,0,0,0,0
"SBS44",0,4.0489,0,0,2.0724,0,0,0,2.5609,0,0,5.1632,0,0,0,0,5.6788,0,0,0,1.6673,0,0,1.0794,0,0,0,0,0,1.33,1.335,0,0,0,0,0,0,0,0,0,0,6.9428,6.0464,0,0,0.4733,3.874,0,0,0,0,0,0,0,0,0,0,0,0,0,0,0,0,0,0,0,0,0,0,0,6.9573,0,0,0,0,0,10.2558,0,0,0,1.7691,0,0,0,0,2.6553,0,6.6851,0,0,0,10.2329,4.7255,4.6303,0,0,0,0,0,0
"SBS45",0,0,0.4596,0,0,0,0,0,0,0,0,0,0,0,0,0,0,0,2.8482,0,0,0,0,0,0,0,0,0.9635,0,0,0,0,0,0,8.1751,0,0,0,0,0,0,0,0,0,0,3.692,0,0,0,0,0,4.1032,0,0,0,0,0,0,0,0,0,0,0,0,0,0,0,0,0,0,3.5217,0,0,2.2901,0,0,0,0,0,0,0,0,0,0,0,0,0,0,0,0,1.1208,0,0,0,0,0,0,0,0,0
"SBS46",0,0,1.1774,0,0,5.5985,0,0.6908,0,3.4267,0,0,0,0,0,0,0,0,0,0,0,9.1569,0,0,0,0,0,0,4.9867,0,0,0,8.1587,0,0,0,11.6981,0,0,0,0,0,0,0,4.5994,8.9793,0,1.7902,0,0,0,10.3061,0,0,0,1.6576,7.0851,0,0,0,0,0,0,0,0,0,0,8.801,0,2.7033,0,3.7233,0,0,0,4.4239,0,0,0,0,0,0,0,0,8.1959,0,0,0,0,0,0,0,0,9.8521,0,0.0935,0,0,0,0
"SBS47",0,0,0,0,0,0,0,0,0,0,0,0,0,0,0,0,0,0,0,0,0,0,0,0,3.009,0,0,0,0,0,0,0,0,0,0,0,0,0,0,0,0,1.343,0,0,0,0,0,0,0,0,0,0,0,0,0,0,0,0,0,0,0,0,1.1687,0,0,0,0,0,0,0,0,0.2592,0,0,0,0,0,0,0,0,0,0,0,0,0,0,0,0,0,0,0,0,0,0,0,0,0,0,0,0
"SBS48",0.7311,0,0,2.018,0.3616,0,0,0,0,0,0,0,1.4538,0.6075,0,0.7772,0,0,0,2.6955,0,0.7043,0,0,0.759,0.2446,0,0,0.2386,1.4983,0,0.8682,0.4907,0,0,0,0.6746,0,0,0,3.1112,0.2608,0,0,0.363,0,0,0,0,0.6271,0.1664,0,0,0,0,0,0,0,0,0,0,0,1.6283,0,0.2799,0.8208,0,0,0,0,0,1.1667,0,0,0,0.1076,0.2074,0,2.1794,0,0.4963,0,0,0,0.3282,0,0.2866,0,0,0,0,0,0,0,0,0,0,0,1.013,0.1361
"SBS49",0,0.4395,0,1.2086,0.64,0.8877,0,0,0,0,0,0,0,1.001,0,0,0,0,0,0,0,0,0,2.7211,0.9313,0,0,0.0188,0,0,0,0,0,0,0,0,2.4129,0,0,0.2639,1.6647,0.5699,0,0,0,0,0,0,0.6428,0,0,0,0,1.5657,0,0,0,0,0,0,0,0,0,2.3888,0,0,0,0,2.6857,0,0.4459,0,1.4095,0,0,0,0,0,0.0806,0,0,0,0,0,0,0,0,0,0.9252,0,0,0,0,0,0,0,0,0,0,0
"SBS50",0,0,0,0,0,0,0,0,0,0,0,1.7224,0,7.0629,5.3429,9.4999,0,0,0.5265,0,0,0,0,0,6.6597,1.2243,0,0,0,0,0,0,11.4718,11.631,0,0,12.0191,0,0,4.6778,0,0.0711,0,0,0,0,1.6497,0,5.2696,0,0,0,3.6585,1.2744,5.7261,0,11.8707,0,0,2.1128,0,0,0,13.4809,2.4107,0,0,0,0,0,0,5.5527,0,0,0,0,0,0,0,0,0,0,1.8721,0,3.242,0,1.8255,0,0.2218,3.9325,0,6.5375,0,10.6542,0,0,0,0,0,0
"SBS51",0,0,1.162,0.1722,0,1.1837,0,3.0647,0.9353,0,0,0.2167,10.9115,0,10.2474,0,0,9.1622,0,0,3.0988,0.1724,0,8.5326,0,0.919,0,2.8835,0,0,2.8107,0,0,1.5571,0,0,0,0,0,0,0,0.0289,2.1151,0,2.4478,0,0,4.3754,0,0,4.1448,1.6622,0.421,3.751,4.0274,0.9816,0,4.695,1.5166,0,0,0,0,0,4.9776,0,0,0,0,0,0,0,1.5625,0,0,0,16.4108,0,0,0,0,0,0,0,0,0,0,0,0,0,0,0,0,0.8216,0,0,0.6796,15.755,0,0
"SBS52",0,0,0,1.7852,0,2.5471,1.1486,3.1924,0,0,0.0334,0,0,1.9914,1.7175,0.9747,0,0,2.1034,0,0,0,0,1.6735,2.2242,3.1744,1.3641,0,0,0,1.4026,0.7379,0,0,0,0,1.48,0,0,0,0,5.3356,0,0,0,0.3989,0,1.5599,0,0,1.5146,0,0,5.626,0,0,0.3229,1.8941,0,2.2624,1.7056,6.2905,0,0,1.4582,0,0,2.7134,2.9442,0.1145,0,4.4117,0.6956,4.318,1.2229,3.9307,2.7042,7.1847,0.3272,0,0,0,5.5105,0,0,0,3.5963,0,0,7.1104,0,7.6024,0.8063,0,5.4375,6.0846,0,4.4822,0.8984,2.5245
"SBS53",0.531,0,0,0.4031,0.8455,0,0,0,0,3.8206,0,1.999,0,0,1.1631,0,0,0,3.9436,0,0,2.0926,0,0,0,5.7535,3.3074,5.0026,0,0.2464,5.0942,1.1928,0,1.0176,1.1394,0,0,0,0,0,0,3.3139,0,0,0,0,0,0,0,0.6817,2.2138,0.5349,0,4.5183,0,0,0.8397,1.6265,0,1.8746,0,2.1112,0,6.8331,1.2505,0,2.5165,4.8086,0,3.8681,0,0,0.8085,0,0,0,0,0,0.9579,0,5.0343,0,6.0853,0,7.0999,0.6789,3.7365,0.9433,0,6.3422,0,1.0323,3.5618,0,0,0,0,0,0,0.3328
"SBS54",0,0,4.7599,0,0,1.9545,6.161,0,1.0095,0,2.8638,0,0,3.5016,1.0436,7.1819,0,6.6455,4.4342,6.2695,2.2782,0.212,0,2.7118,0,5.9256,2.4381,3.2554,7.6779,0,1.8252,6.5973,1.4869,6.3677,2.185,8.9773,0,8.893,8.9493,12.0862,0,6.228,0,5.2004,5.4716,4.3372,5.8894,2.8925,13.0652,0,2.5562,0,2.7717,7.1733,2.7748,5.4001,0.732,0,0,0,4.7539,1.1648,9.9924,0,0,1.24,4.2876,0,0,0,0,4.8728,0,0.7897,6.989,0,6.0922,0,15.4842,2.0869,3.5857,0,7.0038,5.2599,1.7257,0.8856,0,2.1662,11.986,3.8491,5.0443,3.797,0,2.0823,4.9989,6.4763,4.0792,0,12.2282,1.5064
"SBS55",0,1.0639,0,0,2.8713,0,0.6548,0,0,0,0,0,0,0,0,0,0,0,3.138,0.0198,0,0,0,0,0,0,0,0,0,0,0,1.7635,0,0,0,0,0,0,0,1.8926,0,0,1.8479,0,0,0,0.7838,0,0,0.6405,0,0,0,0,3.6398,0,1.0427,0,0,0,0,0.0017,0,0,0.6474,0,0,0,0,0,2.2558,0.0652,0.0383,0,2.2336,0,3.6274,0,0,0,1.3527,0,0,0,1.9598,0,0.184,0,0,0,0,0.0137,0.031,0,0,0,0,0,0,0
"SBS56",0,0,2.7506,0,0,0,3.9153,0,0,0,0,0,0,0,0,0,0,2.0784,0,0,0,0,0,0,0,0,0,0,0,0,7.9872,0.2873,0,0,0,0,6.5712,0,0.4097,0,0,0,0,0,0,0,0,0.9061,0,0,0,0,0,0,1.4966,0.6683,0,0.2031,0,0,3.0026,0,0,0,0,0,0,0,11.1101,0,4.9639,0,0,0,1.8155,2.1035,0,0.9703,0,0,0,0,0,0,0,0,4.5762,0,0,0,0,0,0,0,0,3.5109,0,5.5951,3.3777,0
"SBS57",0,0,4.2955,0,0,0,0,0,0,0.3826,0,0,0,17.8576,0.8934,1.3515,1.174,0,0.6223,0,0,0,0,0,0,0,0,0,3.8847,1.5706,0,3.8429,0,0,4.8668,0,0,0,0,0,0,0,0,0,0.0091,0,0,0,0,0,1.4782,0,0,0.1876,1.3534,4.1743,0,0,0,0,4.0017,1.0826,0,0,0,0,0,0,0,7.2938,0,0,0,0,0,0,0.2505,0,0,0,0,0,0.3623,0,0,0,0,0,6.6745,0,0,1.2039,0,0,0.0991,0,0,0,7.9877,3.3932
"SBS58",0,11.3243,0,0,0,0,0,0,0,0,10.1123,0.3009,0,0,0,4.5048,0,0,8.0472,0,5.6151,0,0.2484,12.0984,0,0,0,4.8328,0,0,0,0,0,0,0,0,0,4.6399,0,1.4007,0,3.7405,7.7441,14.1974,2.7709,1.775,10.9223,0,9.3617,0,0.5835,0,6.8957,0.6556,0,4.2564,0,6.4852,0,10.7494,2.2071,0,9.7873,0,0,19.0023,0,1.7174,0,0,0,0,0,22.1158,1.1726,0,0,0,2.3695,0,0,0,9.4031,0,0,0,0,0,0,0,26.1593,0,28.5393,0,0,0,0,5.2994,0,0
"SBS59",5.3527,0,0,1.1308,8.0715,5.3111,2.1628,0,0,9.085,0,3.4353,0,1.0597,0,2.6075,0,4.9403,1.3683,0,0,0,0,3.5937,2.847,5.7147,0,1.2316,0,0,0,1.7197,0,0,0,0,3.0496,1.2418,0.683,0,1.0626,2.5441,0.2149,0,0,0,0,0,3.9198,0.0268,0,3.0135,0,5.8679,0,1.5605,0.8024,0.3805,1.1255,0,4.5097,0,0,1.7715,0.5136,1.3348,0,3.6841,1.5254,0,0,0,0.3865,0,0,0.2548,0.7593,0.0031,4.4743,0,0,0,0,0,2.2899,0,4.3383,0,0,0,0,0,0,0.2931,1.1728,0.8908,0,4.647,0.6391,1.9652
"SBS60",0,0,0,0,0,0,0,0.8297,0,0,0,0,0,0,0,0.5376,0,0,0,0,0,0,0,0,0.3206,0,2.2331,0,0,2.3802,0,0,0,0,0,0,0,0.8467,0,0,0,0,0,0,0,0,0,0,0,0,0,0,0,0,0,0,0,0,0,0,1.1545,0,0,0,0.2614,0,0,0,0,1.0635,0.0703,0,0,0.3691,0.3567,0,0,0,0,0,0,0,0,1.1571,0,0,0,0,0,0,0,0,0,0,0,0,0,0,0,0.8842
"SBS84",0,0,0,0,2.4943,0,0,0,0,5.202,2.0354,2.2179,0,0,0,0,0,0,0,0,0,2.852,0,11.3172,0.9769,0,9.2769,0,0,3.4543,0,0,0,0,0,0,0,0,0,0,0,0,0.0218,0,0,0,0,0.7066,6.2102,0,0,0,0,0.8406,0,0,2.4856,0.8563,0,0,3.832,0,0,0,0,0,2.7314,0,0,0,0,0,15.1534,0,0,0,0,0,0.3171,4.0136,1.6582,1.2824,0,0,0.4875,0,0,0,0,4.065,0,0,0,6.4095,0,0,0,0.6227,5.5326,0
"SBS85",0.0142,0,0,0,0,0,0,0,0,0,0,0,0,0,0,0,0,0,0,0,0,0,0,0,0,0,0,0,0,0,0,0,0,0,0,0,0,0,0,0,0,0,0,0,0,0,2.3612,0,0,0,0,0,0,1.9413,0,0,0,0,0,0,0,0,0.7471,0,0,0,0,0,0,0,3.0342,0,0,0,0,0,0,0,0,0,0,0,0,0,2.6082,0,0,0,2.8042,0,0,0,0,0,0,0,0,0,0,0
