"","S0","S1","S2","S3","S4","S5","S6","S7","S8","S9","S10","S11","S12","S13","S14","S15","S16","S17","S18","S19","S20","S21","S22","S23","S24","S25","S26","S27","S28","S29","S30","S31","S32","S33","S34","S35","S36","S37","S38","S39","S40","S41","S42","S43","S44","S45","S46","S47","S48","S49","S50","S51","S52","S53","S54","S55","S56","S57","S58","S59","S60","S61","S62","S63","S64","S65","S66","S67","S68","S69","S70","S71","S72","S73","S74","S75","S76","S77","S78","S79","S80","S81","S82","S83","S84","S85","S86","S87","S88","S89","S90","S91","S92","S93","S94","S95","S96","S97","S98","S99"
"SBS1",177.4018,108.9196,463.8553,195.594,224.7001,97.6566,147.6227,73.6318,28.6991,170.2949,53.8028,143.3457,242.3085,322.166,4.926,264.0162,138.4665,422.1167,139.3314,52.1201,208.173,148.0729,28.6135,35.3411,0,223.4841,123.3349,276.0156,244.697,311.5112,162.32,226.8851,128.9479,279.9464,282.5029,406.7096,113.4688,267.2732,213.4864,169.2543,9.1641,348.0055,27.5301,233.6607,76.1553,8.7048,546.7922,122.7829,56.9062,270.8185,202.6988,291.4057,83.3492,0,201.3961,0,282.242,291.7186,124.5571,8.4183,195.8215,351.5381,131.6476,0,262.5609,234.2996,78.8593,274.3745,147.1627,500.1499,277.9626,209.8897,163.0937,231.6287,104.3826,159.1079,114.2575,69.0161,278.1672,149.8122,34.7104,36.338,32.3113,309.594,280.0276,40.7034,254.1036,59.2143,272.7786,0,309.0369,165.9499,181.8222,20.4099,122.2109,280.1623,63.2667,145.5683,290.4792,267.4897
"SBS2",15.9964,208.3939,221.3775,564.4384,145.5556,370.2658,129.4192,82.1361,653.7738,98.9646,831.4316,466.8612,353.7093,158.0912,39.9891,105.2516,167.2439,147.6396,17.9716,632.5391,554.8864,117.6741,258.5349,66.4485,53.2697,0,0,179.0806,176.6065,121.5245,17.3803,220.8187,203.2649,117.0887,164.5769,126.1198,145.9373,119.3602,351.5452,117.9089,38.775,172.1767,60.9233,434.9524,43.6896,232.7693,214.9826,197.8228,12.7992,226.61,177.2061,95.181,543.9066,63.673,12.2569,42.0838,136.6405,159.9969,384.7273,802.5125,103.3245,153.1631,700.8332,58.8771,136.0338,472.7274,174.8587,98.6821,12.3897,205.7575,103.3405,131.7867,72.3676,371.8834,649.838,347.227,108.3978,588.3463,186.981,721.4629,237.6399,188.3063,22.2571,444.9076,175.6061,316.4848,288.0235,43.4508,182.335,68.3263,476.0119,334.7904,603.4487,201.0375,703.9495,245.0106,372.5551,136.1186,83.4683,120.2213
"SBS3",74.5396,0,0,0,0,0,0,114.6045,0,0,0,5.8887,0,0,0,0,0,0,82.835,0,0,0,0,0,0,81.3191,0,0,0,0,0,0,87.1688,0,0,0,103.2878,0,9.0306,0,0,0,0,0,0,18.646,0,0,0,32.5566,0,0,0,104.2247,0,0,19.9257,130.4102,317.7826,0,0,125.2902,0,4.823,74.631,7.8174,125.5881,0,0,49.7623,0,0,0,0,0,0,0,0,0,0,0,0,0,0,0,0,0,0,19.1158,0,0,0,0,653.7349,0,0,0,0,197.3703,0
"SBS4",12.3196,28.8085,0,11.7324,0,0,0,504.6483,0,0,0,0,0,0,789.3043,0,0,0,14.3206,0,0,0,0,472.1454,786.1132,0,0,0,0,0,0,0,0,0,0,0,0,0,0,17.0967,822.0231,12.9074,429.2875,0,313.0746,0,0,0,338.1653,6.3652,0,0,0,961.182,0,995.0436,0,0,0,0,0,0,0,795.4046,0,0,27.9115,0,13.0515,0,0,0,0,85.853,0,0,0,0,0,0,0,0,217.1098,0,0,0,0,0,0,828.7656,0,0,7.5019,0,0,0,0,0,0,0
"SBS5",168.804,573.9973,976.9821,152.8774,613.5606,181.5438,176.7764,673.0922,132.1769,982.6035,0,0,222.8491,748.1119,304.1343,774.897,416.0638,496.2759,0,243.3109,0,842.8196,189.4425,893.8359,771.2405,0,257.877,766.0208,669.7063,579.0959,379.127,898.1549,0,0,557.5957,438.2223,325.6942,261.5905,7.2916,232.1686,622.1141,214.8814,858.1878,297.8008,250.6041,107.9462,744.6108,292.9762,167.1065,653.2219,895.1162,0,0,23.3386,187.3893,488.6377,88.4138,298.8375,0,0,672.5596,0,245.7377,600.2561,0,93.7883,356.1958,341.7805,242.4115,449.1496,353.8691,618.0633,109.3787,2.0223,390.8489,304.6498,687.5508,220.2514,512.0336,156.9488,0,82.3819,0,607.3832,642.7927,784.1526,284.46,501.2071,716.0905,654.7598,504.8435,453.5943,0,301.9219,208.0076,674.7779,144.8626,636.6726,0,630.015
"SBS6",0,31.1676,48.9575,0,27.1475,0,0,13.0517,0,0,0,50.1967,0,0,0,36.1902,16.8436,0,0,45.6595,0,56.4326,27.3586,57.5801,26.6729,0,13.4359,50.6557,35.4634,0,1.5293,23.0826,0,0,0,0,52.7912,0,0,22.1061,0,0,56.9457,6.0225,0,28.7734,0,42.2298,0,10.5703,12.4248,0,9.3442,23.978,44.9643,0,0,0,44.676,46.1599,0,0,17.4753,0,0,3.7843,2.0299,61.8418,52.7369,162.5344,14.0703,120.8135,0,19.4502,43.3819,9.1712,0,16.7594,128.1635,0,0,75.6412,5.2687,19.2424,15.8117,76.8821,0,86.4528,0,0,0,49.1917,0,15.3885,67.9324,0,0,25.5134,57.7063,0
"SBS7a",0,0,0,35.7357,7.9884,0,29.8156,0,13.6132,34.4011,0,0,43.0505,0,0,10.2734,0,3.6962,0,19.4631,7.6431,3.7854,0,0,0,0,0,27.3379,0,0,0,47.8218,19.4057,0,0,0,6.1616,0,0,0.343,0,37.3812,0,0,0,7.7531,0,0,33.0936,0,0,10.6978,55.0556,30.605,8.6023,0,0,0,0,0,0,18.3368,0,0,0,6.623,0,0,0,0,20.108,0,0,0,7.0522,2.8545,15.3828,0,0,0,0,0,23.2147,0,0,0,0.6958,0,0,4.6203,0,8.6912,0,0,0,7.4181,32.2805,0,0,24.3912
"SBS7b",0,0,0,0,7.9434,0,0,0,0,0,0,0,0,0,0,0,21.5118,0,0,8.3425,36.6561,0,64.0839,0,0,0,28.1398,0,0,0,0,0,37.2069,0,12.6256,0,0,0,0,0,0,13.1565,0,0,0,104.0063,0,14.081,0,0,0,0,0,0,0,1.03,0,0,0,0,0,0,0,0,0,0,0,22.1194,0,16.2241,0,0,1.1861,0,15.5873,0,0,0,8.8796,36.5184,118.1573,0,0,15.196,0,0,4.1279,30.1164,0,0,0,0,0,0,0,0,25.7095,0,0,0
"SBS7c",2.3695,34.2871,0,3.6674,0,0,17.7332,0.1929,0,0,0,0,0,1.699,2.5984,0,0,16.2264,0,0,14.1748,31.5784,16.6371,0,23.3797,26.5727,0,0,16.078,0,0,0,7.3901,19.9743,6.402,0,0,13.3805,14.8082,63.7821,0,0,11.1559,0,0,7.5375,0,0.0786,0,0,0,10.1058,4.6474,17.8003,18.694,0,24.672,5.112,22.6016,6.2081,0,0,0,0,12.1904,0,12.8726,7.9855,12.6861,13.1548,0,0,2.0952,18.8475,7.9768,0,0,0,0,0,10.7393,0,0.2384,0,12.2685,0,0,13.0829,0,0,0,0,14.894,8.0201,3.8234,8.839,4.1046,0,15.3678,16.9415
"SBS7d",15.7963,0,2.0516,0,11.5792,0,8.4336,9.0441,3.4065,0,0,6.3041,0,0,8.4303,0,15.4481,0,0,15.1365,0,0,16.598,15.7087,0,0,0.2863,8.2338,0,0,0,3.539,0.3579,0,0,5.0767,0.5915,0,4.814,2.7968,0,0.9272,0,0.7589,0,0,0,11.7662,0,0,0,0,4.6641,0,0,0,0,0,0,0,0,8.7306,0,27.0741,22.2712,0,0,0,13.7301,3.7619,0,14.4555,35.5264,0,9.6926,0,0,27.9973,0,14.6558,18.0405,12.4616,0,11.7564,0,2.1797,0,28.8338,0,0,16.6084,16.297,19.9416,6.7048,0,0,8.8051,0,0,0
"SBS8",0,28.1721,0,65.5008,0,0,0,0,0,0,29.1659,91.7411,50.2457,0,0,0,0,22.0419,0,0,0,0,0,0.9934,96.0616,107.7493,32.2466,0,0,0,0,0,0,0,0,0,37.1934,0,3.4714,0,0,0,46.7446,3.849,139.1733,84.5095,0,0,76.9423,0,40.3533,0,0,0,0,0,13.9198,0,79.5866,23.0743,0,33.7981,22.1563,12.9045,0,18.0825,0,0,0,0.1634,0,4.6027,13.1965,17.3095,0,30.1762,0,0,0,0,0,0,104.1372,0,0,0,0,37.16,0,71.1516,31.4586,14.0784,0,17.4048,0,3.1185,0,0,0,0
"SBS9",0,0,0,23.4463,0,27.9467,0,0,0,0,0,0,4.0638,10.2419,0,0,0,0,0,0,0,0,24.7159,0,0,0,0,0,0,2.5099,0,0,0,4.1445,0,0,0,0,0,0,0,0,0,0,0,0,0,0,0,0,0,0,9.7116,0,0,0,0,0,0,0,0,0,0,0,0,0,0,0,0.0629,0,0,0,0,0,0,0,0,0,0,0,0,0,0,0,0,0,24.5911,0,0,0,0,0,0,0,0,0,0,0,0,0
"SBS10a",2.1431,0,0,0,14.8443,8.1739,0,10.9133,0,0,0,0,0,0,0,0,0,0,0,2.2713,0,6.8847,16.5236,0,2.8304,11.4128,8.9249,0.85,0,0,23.4425,0,0,0,3.1879,22.6127,0,21.608,0,0,0,12.6301,6.0842,17.0034,11.2018,0,0,0,0,0,9.0479,1.6491,0,0,14.279,0,28.9219,0,0,0,4.8743,18.8407,0,26.262,10.4096,0,0,0,0,3.4134,0,3.9141,0,0,0,0,0,7.2253,0,0,0,1.1953,0,0,0,0,0,0,4.8576,2.5304,1.1459,30.3691,12.5175,0,0,1.7262,0,0,20.6686,6.979
"SBS10b",0,41.9692,0,0,13.2023,0.5412,8.3476,3.3807,25.9244,0,0,0,0,0,12.1117,0,28.362,0.4636,0,19.8185,0,10.5277,0,12.5746,0,0,0,15.4852,0,0,24.25,7.1928,3.2929,0,2.5547,5.5699,0,0,0,0,12.9731,38.0483,5.3747,52.9813,28.877,16.7866,0,0,10.479,0,0,25.7657,0,9.7679,0,4.6901,0,19.6196,0,0,0,0,10.8318,8.738,5.8774,33.3016,0,37.2276,14.5288,0,0,0,0,0,28.0709,16.1538,0,22.4534,17.1592,35.5496,9.7003,0,0,0,9.1725,0,15.5825,0,0,0.5768,0,0,0,0,15.392,13.3182,37.958,13.5791,0,0
"SBS11",0,0,0,0,0,0,0,0,15.7508,0,0,0,0,0,0,0,0,0,0,0,9.9941,5.515,0,0,0,0,0,0,0,0,0,2.9677,0,0,0,0,0,0,0,0,0,0,0,0,0,45.3643,0,0,0,0,0,0,0,0,0,6.5171,0,22.432,0,0,0,0,0,0,0,0,0,26.846,0,47.4374,0,0,0,0,0,0,0,20.2414,0,14.5283,65.9612,0,0,0,0,0,3.479,0,0,0,45.7519,21.2364,0,0,0,0,48.2199,0,0,0
"SBS12",41.9482,0,8.8288,35.5902,46.337,21.0349,6.7939,39.538,36.3152,0,0,26.2246,79.2936,0.7168,8.7817,24.2573,0,0,71.4664,26.2045,50.3851,41.5293,44.8499,31.0935,0,0,0,21.6283,40.623,44.9312,0,0,21.2324,0,75.31,72.5451,47.4041,96.6219,0,0,0,117.0047,83.4209,0,49.4655,0,31.7767,0,19.0387,0,0,0,11.928,132.6754,0,44.3952,60.5807,15.961,70.796,0,22.9854,0,0,0,0,0,0,0,78.9717,43.4845,0,0,10.54,58.4135,0,4.9074,24.9973,14.7905,0,8.2767,0,35.8843,70.3295,19.7231,57.8366,0,108.8309,37.7323,35.2515,0,55.2974,0,46.3728,77.882,0,17.1072,34.2577,0,34.2991,81.297
"SBS13",3.9472,166.1483,89.1169,301.8082,138.3808,285.1663,102.0335,81.068,814.5935,131.3913,891.1544,382.6815,328.1236,50.6491,94.8302,59.0143,169.9389,41.75,69.0053,756.0371,269.3099,143.0104,312.2581,78.5436,63.1825,20.5429,61.5207,97.9947,233.7646,62.9697,8.4519,264.9505,431.2999,219.5928,74.465,50.5896,110.4131,119.5028,303.3925,108.4849,87.4914,77.2117,92.4375,309.1722,83.2866,310.7503,101.1391,131.0658,86.9895,226.215,264.9053,76.7265,500.6103,94.108,0,74.1962,48.6742,63.2268,555.9579,893.5989,176.4493,67.6518,469.6045,76.0491,208.2427,322.9184,331.5863,87.6243,0,91.1292,107.3705,123.6864,76.5626,297.7429,502.3257,358.2985,101.8719,805.1677,41.9677,621.9278,317.7978,326.5586,109.7944,143.0629,67.5536,485.3333,322.1254,53.7665,223.39,56.5966,159.7163,345.7897,265.6512,238.8506,487.4655,228.3617,290.8284,94.5736,79.1116,174.0743
"SBS14",19.174,0,0,0,0,10.2644,0,0,0,0,0,0,0,0,61.6403,0,23.9659,0,0,0,0,0,0,0,0,0,0,0,0,0,0,0,0,0,0,0,0,0,0,0,0,0,0,0,0,0,0,0,0,0,20.2342,0,0,0,0,0,0,0,0,0,0,0,0,30.2889,0,0,0,10.0658,0,0,0,0,0,0,0,18.2346,0,5.2946,0,0,0,0,0,0,0,0,1.3472,0,0,0,0,0,0,0,0,0,7.0277,0,3.96,0
"SBS15",0,0,1.6477,9.7708,0,0,0,0,0,0,0,0,0,0,0,0,0,0,0,0,29.2437,0,0,0,0,0,23.7404,0,0,0,18.6689,0,0,0,31.0915,0,0,0,0,0,11.9099,0,0,0,12.6594,3.0585,14.6142,0,0,0,20.3818,0,24.1496,0,35.8629,0,66.1363,0,0,0,45.0743,72.792,0,0,0,0,0,0,0,0,0,0,0,0,0,19.4452,19.8452,0,0,0,0,0,0,12.9546,0,0,0,0,0,0,57.3998,0,0,0,0,17.6927,0,0,16.0168,0
"SBS16",40.6767,15.554,4.1006,46.8594,23.8318,31.4295,119.5874,82.6455,39.8104,80.4353,21.6594,68.2885,41.5347,0,47.1066,0,5.8597,22.0261,155.9835,10.0107,30.4932,103.8839,17.2051,22.4207,0,54.1026,164.2877,37.7188,70.024,58.8974,0,0,1.2546,72.0254,52.1693,57.5121,20.0911,54.4118,65.8517,264.6071,38.1233,82.8651,20.0159,10.7944,110.6511,44.5697,66.4727,0,214.0859,51.9322,2.9016,35.6044,64.9425,102.4149,30.4498,4.2544,63.0439,70.0035,66.7535,34.9822,12.2025,85.5153,45.0452,38.6042,93.1517,68.782,0,62.124,0,98.2304,31.587,41.0641,245.6807,118.0908,91.7848,71.0235,48.1235,25.3413,101.422,7.455,51.4222,34.1738,198.3557,82.8758,34.1959,34.1406,29.2431,79.6559,37.4905,25.2962,30.5962,88.8856,51.3137,24.976,92.3047,27.9055,30.6272,50.5102,63.9363,68.5424
"SBS17a",0,0,0,0,0,0,1.0424,0,0,23.3588,0,0,0,0,0,1.4902,12.161,0,0,0.1862,0,4.2328,15.5547,0,12.0636,0.9293,2.9428,12.5064,0.0144,0,0,3.0597,0,6.4565,0,0,0,0,0,0,0,0,9.6722,0,0,0,13.5537,0,0.067,8.2156,19.0635,0,6.8607,0,25.8172,11.853,0,7.1148,8.94,9.8281,0,0,0,0,12.0212,0,6.1876,20.6381,0,1.408,14.4764,1.8221,6.1355,0,0,0.0116,0,0,0,0,5.0031,0,7.7665,0,3.4839,0,0.7304,3.6833,4.274,0,0,4.0675,0,0,9.3901,0,3.2761,0,10.9702,0
"SBS17b",50.2962,16.68,0.5991,5.3342,3.3068,6.8764,8.0919,5.2076,6.0712,0,1.1559,13.1478,10.2757,2.5149,5.0054,1.451,25.8088,0,6.7031,0.8143,5.2772,0,3.8424,6.6977,2.785,50.8101,4.3308,0,4.5882,6.4906,53.8909,0,2.3409,7.3849,17.1159,0,0,5.3774,0,11.6334,0,3.6987,0,0.7416,7.4952,6.0603,2.8127,10.7168,0,0,0,0,5.7339,4.5374,49.305,2.9952,0,3.0815,7.162,3.1999,8.4718,1.8488,0.432,1.8627,2.8636,2.5562,4.319,0,34.0327,2.3932,8.0479,6.3678,7.319,4.2575,6.3161,11.1827,4.5349,3.2534,0,5.1798,0,0,7.3154,3.6391,3.0724,1.8984,0,13.9781,9.1024,6.016,0,0,0,11.6308,0,3.8068,0,0,0.2064,4.3605
"SBS18",241.0227,131.1359,0,0,604.8992,30.3563,827.422,0,0,299.8689,0,0,303.2928,425.2222,0,424.3764,0,334.3408,0,0,0,346.7808,0,0,0,250.6051,0,416.5531,333.9229,526.0591,181.8134,0,14.5179,0,416.8106,501.2124,667.9727,481.0354,0,26.6806,14.1893,280.5785,0,0,0.7159,0,0,77.8034,0,308.1154,267.4002,0,0,0,282.3277,0,0,0,0,0,450.1553,0,0,0,0,0,0,407.6709,176.8112,35.9222,0,570.7522,0,0,0,258.6688,647.0729,0,520.3069,0,85.1991,0,0,0,468.2699,0,352.3615,178.9543,303.6686,0,0,195.1529,0,17.3606,2.0319,289.0111,0,592.1059,0,330.5166
"SBS19",50.6051,0,0,6.5291,13.6779,0,29.388,11.1154,15.9883,0,30.1353,0,0,22.9898,37.6193,0,0,13.3414,14.9545,0,0.3626,0,0,0,25.3241,0,0,0,2.8067,0,8.5953,18.3225,5.3476,0,0,26.9191,24.9764,9.1104,29.196,56.0373,28.4895,38.8212,0,3.3895,37.8093,15.6903,0,0,0,17.6323,0,21.9227,0,18.046,0,12.143,52.0469,0,0,6.0436,0,40.5816,24.0335,6.6715,0,0,0,0,9.2559,0,0,1.285,23.5261,0,6.4824,0,0,0,3.806,0,0,0,0,29.5633,0,11.9373,11.8138,9.6149,27.4916,0,35.0079,0,0,19.0183,0,8.7224,0,25.4567,0,0
"SBS20",0,0,0,7.5604,0,0,0,0.3927,0,0,0,0,6.69,0,16.3182,23.2422,0,8.8508,0,0,0,0,4.3936,0,0,0,0,0,0,0,0,0,23.8976,0,0,0,0,0,0,0,8.177,0,0,0,0,8.6503,0,0,22.2964,0,0,0,6.7171,0,0,52.5433,0,0,0,0,6.8858,0,0,0,0,0,5.4821,0,0,0,0,0,0,0,0,0,8.4111,0,0,5.7364,9.7559,0,14.5446,0,0,0,0,23.5801,0,0,0,0,0,0,0,1.0173,24.9059,0,0,0
"SBS21",1.5716,0,0,0,0,2.5658,0,6.3601,0,35.066,0,0,0,20.3522,0,0,0,0,0,6.3557,5.6277,1.1019,0,0,6.2141,0,0,0,0,0,0.2347,36.7959,3.6251,0,0,0,0,0,0.2,0,0,0,0,2.7943,0,0,0,0,0,0,0,0,0,0.1196,0,4.7573,0,0,1.4238,15.2444,23.7206,0,21.0427,0,0,40.5003,0,22.7942,0,0,0,31.8353,9.2503,0,0,12.7537,0,0,0,0,3.5059,0.6041,0,0,8.5222,9.9923,0,0,0,0,3.2153,0,0,0,0,0,0,0,0,0
"SBS22",0,0,0,0,0,0.5676,8.8811,0,0,0,0,0,2.1605,0,0,3.3352,0,0,0,8.6134,0,1.0999,0,0,0,0,0,0,0,0,0,18.0072,0,10.824,3.8494,0,0,0,0,13.6902,17.1647,0,0,1.4271,0,0,9.6896,2.7921,5.4282,0,0,0,0,0,2.3106,1.1109,0,0,8.2139,5.7846,0,0,0,0,0,10.1655,1.9194,31.6147,21.4595,16.5548,0,0.6903,9.4852,0,0,5.5088,11.7397,0,0,0,0,15.2225,30.8607,0.7447,0,0,0,16.1066,0,5.7344,3.7453,0,0,0,0,0,13.3163,0,0,8.1996
"SBS23",0,0,0,5.114,0,0,12.3504,16.1673,0,0,0,0,0,0,0,0,0,0,0,0,0,0,4.4396,0,0,0,0,0,4.2343,11.1539,0,0,0,0,0,0,0,0,0,0,0,0,0,0,0,0,0,0,0,0,0,0,0,0,0,0,0,0,45.1841,0,0,0,15.0611,0,0,0,0,0,0,0,0,0,0,0,0,0,0,0,0,0,0,0,0,0,21.5798,0,0,0,0,0,0,0,0,1.0874,0,0,0,0,11.5308,0
"SBS24",0,0,0,0,22.1158,8.4477,0,0,0,0,0,0,0,57.2572,62.5595,0,0,0,22.606,0,0,0,0,27.5518,0,8.415,0,0,0,0,0,0,7.371,0,48.6922,6.4957,0,0,0,0.5508,0,0,0,0,0,18.2269,17.1678,6.2957,48.3327,56.1158,0,0,16.8737,8.8651,54.5775,0,0,11.4487,0,0,1.272,0,0,0,0,0,0,0,8.3451,11.7477,1.8596,0,0,0,0,0,0,0,0,0,0,0,0,0,0,0,0,0,0,0,2.0771,0,11.5552,0,0,0,15.5632,36.068,25.1357,0
"SBS25",34.7891,0,0,0,0,0,0,0,0,0,13.9426,0,0,19.7702,106.1126,0,0,0,0,0,0,26.0299,0,0,0,0,0,0,0,0,37.025,0,0,0,0,0,0,4.7888,0,0,98.2283,0,0,0,0,0,0,0,0,0,0,0,0,0,0,51.3434,0,0,0,0,0,0,37.6587,0,15.9641,0,0,0,0,0,0,0,0,25.5858,0,0,0,0,0,0,0,0,26.7738,0,0,0,0,0,33.5238,0,0,0,0,15.7267,0,51.4823,0,25.1449,0,0
"SBS26",0,0,0,0,0,0,137.3225,0,0,0,0,0,0,0,0,0,0,0,0,0,29.9122,0,0,0,0,0,0,0,17.5813,0,0,0,0,11.0956,0,0,0,0,0,0,0,0,0,0,74.7371,0,0,0,0,0,0,0,0,0,0,0,0,15.1372,0,0,0,62.9719,9.2143,0,2.2807,12.3037,0,33.1924,0,0,0,0,0,0,0,69.9388,0,0,0,0,18.0124,0,0,0,0,0,0,0,0,73.919,0,0,0,0,68.144,0,32.4206,0,0,0
"SBS27",0,0,0,0,2.0464,0,0,0,0,0,0,0,0,0,0,0,0,1.8856,0,0,0,2.0665,0,0,0,0,0,0,0,2.3957,0,0,3.9127,0,0,6.9056,0,4.8461,2.7045,0,0,0,0,0,14.5863,0,0,0,2.0992,0,0,0,0,0,0,0,0,0,0,2.6994,0,0,0,0,0,0,0,0,0,0,0,0,0,0,0,0,0,0,0,0,0,0,0,0.9286,0,0,0.8167,0,3.2891,0,0,0,0,0,1.1878,0,0,4.6467,0,0
"SBS28",21.902,36.8409,6.6413,5.3876,0,4.358,2.626,0,0,11.1984,2.8142,14.8903,0,4.852,0,0,4.0039,9.9876,0,0,22.3607,0,13.9574,12.2865,9.9529,19.031,0,0,0,2.758,3.9143,0,1.3336,29.5838,0,0,22.3952,2.4716,16.5252,0,0,2.2236,0,0,14.0074,12.7088,7.9161,0,7.1055,11.1685,0,4.531,0,0,9.6555,1.3027,19.8613,3.8658,13.5085,2.0693,0,7.5071,0,13.5152,17.9869,0,16.348,0,4.4831,3.4921,17.8809,0,11.724,23.9034,0,0.4372,6.2998,0,3.7874,0,1.493,0.1287,14.2814,7.4895,0,2.4768,4.0562,0,0,0,0,0,11.7264,0,0,0,0,10.1061,19.6051,0
"SBS29",17.0852,0,12.9022,8.1991,0,0,0,0,0,0,15.0611,12.3488,11.0598,30.1418,0,0,0,0,0,0,0,0,38.0186,0,0,9.1065,0,0,9.098,0,32.9275,0,1.155,0,3.414,0,0,42.9385,0,0.9074,81.6878,69.4501,32.6145,0,105.3127,0,24.9606,16.6501,0,3.0762,0.7455,0,30.884,0,0,0,0,18.4066,0,0,57.9431,0,5.2905,0,0,0,15.5956,83.2965,7.514,0,28.4591,0,0,0,0,6.0253,40.6415,0,0,3.9478,50.1448,0,65.6931,0,33.6963,0,37.6584,43.1315,44.6236,0,18.4214,66.0269,0,0,3.9446,0,2.3129,0,34.6856,87.5834
"SBS30",32.9427,43.1887,55.3989,0,23.3695,64.4544,19.5553,46.2929,0,3.2351,0,0,42.3511,6.5148,40.3946,12.5916,0,58.8075,0,5.0075,0,27.6179,100.8188,13.3992,0,134.7775,6.9849,0,30.8456,54.344,0,0,0,45.5596,40.5232,26.3818,0,86.7446,56.2679,14.3674,18.2254,0,38.6161,0,140.7985,0,64.0498,55.1276,79.9524,0,15.1611,3.832,78.8283,35.8953,2.0022,36.3769,24.1358,64.4756,26.7055,5.0533,72.9107,34.1091,0,0,35.2381,42.6719,2.3336,43.702,0,0,45.4676,14.3279,63.1906,94.1691,2.4544,127.5628,41.821,0,0,0,0.7692,14.8798,102.3837,19.3645,0,0,63.2002,74.3576,27.5764,0,0,17.8322,0,35.179,8.3298,11.3766,0,4.9501,58.5393,54.0308
"SBS31",22.392,12.6495,18.5518,0,0,0,0,0,0,0,0,0,0,0,0,0,15.4913,0,7.1329,0,10.9238,0,42.73,0,0,0,6.7306,0,0,28.7068,47.3255,0,0,0,0,0,0,15.5544,0,0,0,0,0,0,0,0,0,0,0,24.2929,0,0,17.3181,0,0,1.5564,0,0,0,0,19.0835,0,0,42.8518,1.0863,9.1803,11.8774,17.8918,8.6205,0,0,28.2227,0,0,19.5908,0,0,0,39.7165,0,0,2.3474,0,0,0,0,0,0,0,0,0,0,0,48.1991,48.7768,0,0,0,18.4116,0
"SBS32",0,0,0,38.4162,0,16.9831,80.5979,31.7999,63.7965,0,0,48.6191,0,15.0976,0,24.9187,0,0,71.7068,28.2365,83.2705,34.0779,0,45.041,0,37.5894,9.1151,0,10.2117,6.0755,85.335,62.346,0,99.5243,48.2575,37.8995,47.4115,21.0385,36.026,0,0,39.3228,0,50.3043,50.4495,0,0.3125,18.2682,0,24.6682,14.4727,63.4509,6.0697,62.2965,46.7465,28.2279,0,0,20.8464,0,0,25.2641,15.5537,10.3822,28.4792,12.4424,5.3439,0,61.8068,0,4.4765,25.9371,0,21.5885,18.0462,31.8521,27.0704,3.6263,0,6.2484,18.927,17.1554,73.4704,93.3879,0,48.9141,21.6503,81.4243,0,106.7693,0,18.0774,25.192,0,33.6568,9.4309,0,26.0529,16.1888,0
"SBS33",12.2258,0,0,0,0,2.3712,0,0,0,0,0,21.4561,0,0,4.0926,15.9616,0,0,0,5.2547,0,0,0,0,6.3898,4.1852,0,0,0,0,0,0,10.3366,0,0,13.1257,12.2202,0,4.3025,17.424,12.3919,0,0,484.9248,0,0,0,0,18.8926,6.2134,7.5797,4.5941,0,0,0,0,0,4.2856,22.7245,10.5579,0,0,0,0,5.5351,536.9694,7.8716,0,0,0,0,0,2.131,0,0,9.3256,7.2465,0.345,0,5.596,0.3324,3.3386,6.8499,0,7.6433,0,0,4.8607,0,0,5.7127,15.7392,0,0,0,18.2362,0,5.8661,14.1606,6.7485
"SBS34",0,0,0,0,0,7.3752,0,0,2.6622,0,0,0,4.0609,0,0,6.8317,5.6006,0,12.0813,0,1.2438,0,0,0,0,0,0,0,0,4.5351,0,0,0,0,0,0,15.5967,0.2648,0,1.1579,2.1162,0,4.065,0,0,8.6444,0,0,0,1.9745,0,0,0,0,0,0,7.6178,0,0,0,0,0.3031,4.3436,6.2849,0,0,1.2417,4.9864,10.6251,0,0,4.4084,0,1.9774,0,0,9.3953,0,0,0,4.7996,0,0,0,0,0,1.9169,0,0,0,0,0,0,0,0,0,0,0,0,0
"SBS35",0,0,0,0,0,0,0,0,0,0,0,0,0,0,0,0,0,0,0,0,0,0,0,0.5681,0,0,0,0,0,0,0,0,0,0,0,0,0,0,0,0,0,0,0,3.335,0,22.6524,0,0,3.3338,0,0,0,0,0,0,0,0,0,0,0,0.6689,0,0,0,0,0,8.7411,0,0,0,0,0,0,0,0.8368,0,0,0,0,0,0,0,0,0,0,0,0,0,0,0,0,0,0,0,0,0,0,0,0,0
"SBS36",0,0,0,0,0,15.105,0,0,0,0,0,0,0,0,1.3618,24.6003,0,102.3606,0,0,0,0,0,0,19.0335,0,29.5066,0,0,0,0,0,0,0,0,46.2873,0,41.7874,0,15.0939,0,0,0,0,0,0,0,0,0,0,0,0,0,28.5824,0,0,0,0,0,0,0,0,0,0,0,0,0,0,119.7993,0,14.5794,0,0,0,0,2.3282,0,0,0,0,6.5323,0,0,0,0,0,0,0,4.566,0,0,0,14.5381,4.7426,0,0,0,10.435,0,0
"SBS37",32.318,49.5243,26.4385,2.8436,0,0,0,0,18.1279,0,44.4323,27.9841,58.3648,0,26.8633,36.3835,15.0222,0,0,0,6.8331,30.2288,8.5776,0,33.7396,145.3962,0,17.2143,0,33.4644,68.3899,0,0,59.7687,0,0,0,49.3868,57.805,34.0947,10.2499,0,0,0,55.0846,39.5942,54.7542,24.8801,65.2854,0,0,0,46.7343,0,29.9493,0,24.2487,0,3.1427,5.6755,9.4719,61.161,0,0,0,0,0,78.8808,40.6747,45.6927,0,0,0,52.1406,0,15.4,32.2357,0,0,6.4607,28.7396,28.4419,75.0333,41.8108,6.7605,4.3254,0,93.0938,0,17.4579,0,0,0,0,0,0,14.9717,4.9298,55.1016,0
"SBS38",0,0,0,0,0,0,0,0,0,0,0,0,0,0,0,0,0,33.4484,0,0,0,0,0,5.4508,0,0,2.8096,0,0,0,19.7965,0,0,17.9352,38.815,0,0,0,0,0,11.2916,4.7732,0,0,9.9772,1.4603,0,0,0,0,5.3348,0,0,0,0,0,0,0,0,0,0,0,0,0,10.0846,0,0,24.2446,0,6.6894,0,1.816,0,0,0,7.2188,0,0,0,0,0,0,0,0,2.1419,0,0,0,0,0,0,0,0,12.3967,0,0,0,0,0,0
"SBS39",57.4921,136.5016,51.3637,41.451,7.2034,135.2399,78.2734,90.4427,8.2851,0,9.5087,131.2858,19.1705,1.4459,154.5275,14.9845,30.2989,53.2928,87.2739,37.5807,83.538,0,131.0265,99.2289,0,122.435,102.3297,59.5855,62.1767,0,94.2299,15.9982,83.0981,61.0881,61.1684,75.5736,27.6989,108.8649,48.6602,148.0297,68.5668,117.4021,113.8364,0,181.8677,51.5954,47.5834,193.2322,55.767,65.1982,31.3398,0.843,67.3675,136.2301,99.6685,62.1012,71.138,136.7591,148.358,59.673,43.6396,78.476,68.5327,90.6185,61.8463,34.3824,52.8431,101.2095,132.6204,90.1706,76.0133,24.0384,132.1089,94.0714,46.574,63.4775,9.3595,60.9225,51.0436,73.1488,96.237,78.9905,99.9924,34.0409,35.6943,60.0691,66.7382,155.0484,40.5673,48.8322,61.2296,102.9354,60.5861,141.2788,45.9665,42.1508,95.2526,89.5974,15.9748,36.7208
"SBS40",767.649,253.9226,0,343.4164,0,493.8949,0,0,0,0,0,303.72,42.7687,0,0,0,797.1383,0,1176.5713,0,475.4136,0,609.2177,0,0,515.0719,1073.8948,0,0,0,637.3496,0,765.2263,816.4851,0,0,130.198,0,594.4238,542.5369,0,47.8043,0,0,0,633.6151,0,662.2866,505.2754,0,0,1183.4155,289.4894,0,780.8327,0,967.8289,567.9046,0,0,0,658.7195,0,0,831.5814,0,681.5646,0,725.9109,0,835.8871,0,946.0842,355.8376,0,0,0,0,0,0,721.2715,1010.3589,625.8647,0,0,0,0,290.6692,0,0,0,0,467.5888,0,0,0,535.6757,0,752.2974,0
"SBS41",2.201,0,6.608,0,6.0089,0,0,0,0,0,0,28.5337,0,0,0,19.2085,0,0,0,0,0,0,0,0,0,0,0,0,0,0,0,0,15.9125,0,0,0,16.0497,0,0,0,0,0,0,0,6.555,0,0,0,1.3343,0,0,0,0,0,8.1241,0,0,0,0,0,0,0,0,0,63.5313,0,33.5912,0,0,0,0,0,0,0,4.2873,0,0,0,19.5593,0,0,0,3.7057,0,0,0,13.4293,0,0,0,0,0,15.5439,0,0,0,0,0,0,0
"SBS42",0,0,0,0,0,3.8453,0,0,0,14.1464,0,0,0,0,0,0,0,0,37.0897,0,0,0,0,0,0,0,0,0,0,0,0,4.8001,6.3599,37.2016,0,0,8.7455,36.0651,22.7797,0,0,81.2819,0,0,0,0,0,0,39.9908,0,0,0,0,0,0,0,0,0,0,0,0,0,0,0,0,0,35.2455,0,0,0,0,0,0,18.5964,0,0,0,0,0,0,0,0,0,0,15.1419,0,0,0,0,0,0,0,29.3798,33.2672,0,0,0,0,0,0
"SBS43",0,0,0,12.1756,0,0,0,9.7139,0,0,0,0,0,9.5988,0,0,0,0,0,0,0,0,0,0,0,0,0,0,6.5008,0,12.9843,0,0,0,0,0,3.3776,0,0,0,0,0,0,0,0,0,0,0,0,0,0,5.4603,7.6639,0,0,0,0,13.4005,0,0,0,0,0,0,0,6.9144,0,0,0,5.3181,0,0,0,10.9911,18.0971,0,3.5104,0,0,0,0,0,0,0,0,0,0,0,0,0,0,0,0,17.2113,4.9624,0,0,0,0,5.1105
"SBS44",0,0,0,0,0,0,0,0,0,5.5765,0,51.8917,54.1504,24.305,0,12.8679,0,0,0,0,0,0,0,10.1582,0,0,0,0,0,0,0,0,2.5821,0,0,0,11.0546,0,0,0,0,0,31.0478,0,72.9701,0,0,0,0,10.5561,0,0,0,47.86,0,0,0,22.7211,0,0,0,4.8551,21.131,0,0,0,0,0,0,0,0,0,0,0,0,3.1697,0,0,0,0,0,0,0,0,0,0,0,0,10.4764,22.6139,0,0,0,0,0,47.7492,0,0,2.5866,2.6157
"SBS45",0,0,0,0,0,0,0,0,0,0,0,0,0,0,25.3698,0,0,17.7975,0,0,0,0,0,0,2.9889,0,0,0,0,0,0,0,0,0,0,0,1.8433,0,0,0,0,0,0,0,0,0,0,0,18.422,0,0,0,0,0,0,0,0,0,0,0,0,8.7669,0,1.3508,0,0,0,0,0,3.417,0,0,4.344,0,0,0,0,0,0,0,0,0,0,0,0,0,0,0,0,0,0,0,0,0,0,0,0,0,0,0
"SBS46",32.8302,0,18.1137,5.6369,0,32.2342,0,0,0,0,0,0,0,0,0,2.2428,0,29.6507,8.4652,0,0,0,0,0,0,3.1145,38.3102,4.5376,0.4387,0.9011,0,0,0,0,0,14.2673,0,0,21.8277,52.2849,0,0,0,0,0.3408,0,10.673,0,39.1465,3.4926,0,24.3044,0,0,0,0,0,0,0,0,0,2.602,36.2083,0,0,0,0,0,24.5241,0,0,0.1399,0,0,1.3113,0,0,1.0517,0,0,0,0,0,0,0,0,0,0,15.736,0,0,0,0,0,18.8421,0,0,17.7687,0,0
"SBS47",0,0,0,0,0,0,0,0,0,0,0,0,0,0,0,0,0,0,0,0,0,0,0,0,0,0,0,0,0,0,0,0,0.9887,0,0,0,0,0,0,0,0,0,0,0,0,0,0,0,0,0,0,0,0,0,0,0,0,0,0,0,0,0,0,0,0,0,0,0,0,0,7.8984,0,0,0,0,0,0,0,0,0,0,0,0,0,0,0,0,0,0,0,0,0,0,0,0,0,0,0,0,0.6358
"SBS48",1.9379,0,2.5962,0,0,4.1068,0,1.2766,0,2.5409,0,0,1.0916,0,0,4.0401,0.3607,0,0,0,0,0,0,1.2127,0,0.5944,0,2.8413,0,0,0,3.2437,5.0676,0,0,0,0.5636,2.9248,0,2.6059,0.9521,0,0,0,0,0,0,0,2.2934,0,0,3.4098,1.5758,0,0,0,1.6211,5.8121,1.0912,0,0,0,0,4.959,1.3991,0.2155,1.1977,0.1479,5.478,0,0,0,0,0,0,0,3.7397,3.2482,0,2.1886,0,2.095,1.8593,0.5422,0,0,0,0,0,5.8514,0,13.6281,0,0,0,0,0,0,0,1.0747
"SBS49",4.1519,1.482,0,0,0.0242,0,0,5.3663,1.1628,12.2978,0,0,0,0,2.7562,0,0,0,2.3149,0,1.9046,2.5285,0,2.3578,15.853,2.3939,0,0,0,0,0,0,0,0,0,0,4.5659,0,0.5476,0,0,0,0,0,2.6235,0,0,0,0,0,11.1728,0,0,0,0,4.896,0,0.0028,0,0,2.437,8.6598,0,0,0,4.5013,0.0637,0,0,0,0,8.6032,0,0,0.75,0,0,0,0,0,0.9541,0,11.3062,2.9,0,0,0,0,0,15.8166,0,0,0,0,0.4143,0,0,0,0,0
"SBS50",24.1309,5.248,0,0,0,6.8453,0,0,29.8356,0,0,0,0,0,0,31.4775,3.4372,22.2956,0,15.958,0,0,0,0,26.2026,4.8478,0,0,0,0,0,4.6833,0,0,0,0,0,21.5351,0,0,7.6209,27.8226,18.8084,0,0,19.2804,0,11.1728,0,0,0,0,9.6119,0,33.0027,0,0,26.3259,0,0,0,0,0,73.0489,5.9587,0,0,0,0,12.0075,0,0,0,0,0,7.3053,0,0,0,2.104,0,0.2179,19.292,10.3263,0,0,0,19.6159,0,0,0,4.0991,0,0,0,0,7.8291,0,53.0619,0.213
"SBS51",12.3392,50.9719,0,0,0,9.6539,0,31.3748,0,3.1577,0,0,0,0.6013,0,0,30.3171,0,8.8607,0,0,0,0,1.1997,12.2655,60.4645,27.5585,0,23.8473,0,0,0,0,0,0,18.8366,0,0,65.7804,11.4167,0,0,10.2844,0,0,0,0,0,19.518,0,0,12.7844,34.5518,0,22.6795,23.8694,0,0,6.8882,10.5918,0,0,0,9.9282,0,0,0,0,0,0,3.73,0,0,13.4216,9.8868,19.2806,1.2918,0,19.1824,0,0,14.6188,7.0714,25.6885,20.5887,0,0,3.0865,0,16.3598,0,0,0,0,22.5546,0,0,0,16.0904,0
"SBS52",0,7.218,0,22.742,2.1919,0,0,0,8.2387,0,4.5275,0,21.3727,0,38.9596,6.8254,0,18.2804,0,0,15.2278,0,0,13.9372,1.4277,14.9798,0,0,0,19.8289,0,0,5.0096,0,0,0,5.9462,0,10.3062,0,0,0,0,7.2578,0,0,2.4583,21.9309,0,0,0,0.1587,26.0185,12.3721,0,0.8307,0,0,0,33.5105,0,13.1302,21.9263,0,0,0,0,0,0,0,10.7882,0,3.0172,2.2225,0,7.6987,0,0,3.6077,0,9.0997,0,3.8647,12.4006,10.3167,0,3.0879,0,0,0,0,0,20.1235,0,5.3815,0,0,18.8241,0,5.311
"SBS53",0,0,0,0,0,0,0,0,0,4.7607,5.2148,30.5886,0,0,10.0386,16.5598,0,9.0282,0,0,3.0389,13.8974,0,4.3803,7.7849,0,0,3.1382,0,17.6918,15.9454,0.4388,0,34.008,3.6125,0,0,0,0,2.4314,0,31.1645,0,0.6899,24.1931,23.7912,0,0,0,0,0,0,0,0,0,12.0968,0,0,0,0,0,2.194,0,0,0,6.4563,0,20.8746,0,0,0,0,0,6.5992,0,5.3148,5.5933,0,0,0,0,0,0,13.7366,59.6026,10.2551,0,0,0,0,0,11.9459,0,44.3622,5.422,0,0,0,0,0
"SBS54",16.3213,12.3163,0,30.3622,40.1208,36.6251,11.1095,57.2083,39.8952,23.4857,42.3566,6.0647,18.898,18.9589,44.5116,0,15.0075,68.4342,0,0,0.5556,0,17.1847,55.6562,10.1295,61.0154,0,0,13.8236,68.5312,17.7178,65.3785,14.3181,18.8457,21.5745,8.061,23.8942,47.5304,24.8388,22.2971,0,37.6902,0,28.3312,72.7842,27.3642,22.2191,39.3539,35.0322,0,0,85.3586,18.4001,24.6546,20.1168,9.6973,0,8.5012,0,11.7249,0,37.3696,29.9192,61.1447,47.4174,19.0648,28.0367,52.1942,5.846,32.2825,26.0931,0,15.1337,24.1127,17.3654,0,22.7985,0,47.0496,16.7414,40.8132,2.2513,29.502,11.1497,6.7449,0,6.8489,0,0,0,33.402,1.4248,43.8862,20.4424,0,0,36.7324,10.2026,7.4742,6.4605
"SBS55",0,0,0,0,0,0,2.4955,0,17.2778,0,0,4.9784,0,8.3429,0,0,0,0,11.3978,2.0616,12.6861,11.37,7.0272,12.0424,0,0,0,7.8434,0,0,0,0,0,0,0,7.2231,0,8.7678,0,0,3.9641,25.5653,0,0,0,0.129,4.896,5.8489,7.0449,0,0,0,0,4.996,0,0,0,0.7108,0,0,1.3302,0,0,0,0.7603,0,0,0,0,0,0,0,0,1.4655,0,0,0,1.8619,0,0,0,0,0,8.4153,4.5174,2.4576,5.6561,0,3.6429,0,9.6201,0,4.2978,0.1205,0,0,8.4355,4.5798,0,12.5029
"SBS56",0,16.1124,0,0,0,0,0,0,0,0,0,0,0,30.4159,0,18.9847,6.7641,0,0,0,0,0,13.1883,0,0,0,0,0,0,0,0,0,0,0,0,0,0,0,2.9465,0,0,0,11.8144,0,1.827,0,0,0,0,0,0,0,4.9615,0,0,0,0,0,0,24.4404,0,0,14.2241,0,0,0,0,0,0,0,0,0,0,24.9902,0,9.5014,0,0,0,0,0,0,0,0,0,0,21.6088,0,0,0,0,0,0,0,5.9324,0,0,0,0,9.1478
"SBS57",0,0,0,0,0,0,0,0,4.4613,16.399,0,0,0,0,43.3438,10.8821,0,0,6.6851,0,0,0,0,0,0,17.8982,0,0,0,0,0,0,2.7003,0,0,0,0,0,0,25.4819,0,0.7101,0,0,8.4577,0,0,0,0,9.0981,6.799,0,0,20.0615,0,27.7154,0,0,0,0,0,10.2166,22.873,15.7385,9.7551,0,0,0,0,0,0,8.1155,0,0,0,0,0,0,0,0,0,8.276,0,3.317,0,18.4365,0,0,0,0,0,0,0,17.2747,4.7908,0,0,2.8472,3.7749,0
"SBS58",0,0,0,0,0,77.2588,0,0,0,0,0,60.1651,0,0,0,0,47.1576,40.9212,0,55.3714,3.2893,0,2.4181,20.2751,0,0,0,0,0,0,18.3228,66.8074,68.7521,0,33.0051,5.6448,0,9.0057,0,0,0,78.4828,25.1252,52.0713,0,84.2974,0,0,0,8.8115,0,16.1082,0,27.5545,0,0,0,0,0,0,36.0853,0,0,26.7899,8.6454,0,0,0,0,26.6688,0,0,43.5231,0,29.8273,0,0,94.3097,0,67.4298,43.9295,16.6576,0,0,0,98.3126,49.8499,24.6243,0,0,145.2205,0,77.1147,0,7.6421,0,97.7351,0,0,0.0694
"SBS59",0,7.1376,1.7285,0,0,1.8888,0,0,6.4199,2.4391,0,0,1.7665,3.8505,0.0808,0,0,27.5846,0,2.9507,2.4119,10.3915,0,0,0,2.8904,0,15.2305,16.5612,0,21.746,0,3.7464,17.1079,14.1313,0,13.3767,14.5042,0,11.9268,0,0,0,1.8216,0,2.4777,0,0,0,0,0,0,0,14.5532,0,1.6522,0,0,9.8242,0,4.5541,0,0,0,0,4.8027,0,6.8203,0,0,0,23.5804,8.0428,0,0,0,0,7.4661,15.1529,7.2506,0,12.3224,0,3.1141,0,14.9672,7.8745,0,0,0,0,8.9873,0,0.049,1.562,0,3.8214,17.071,12.8546,0
"SBS60",0,0,0,0,0,0,0,0,0,0,2.1514,0,0,4.2127,0,0,0,4.69,0,0,0,0,0,0,0,0,1.3763,0,0,4.1874,0,0,0,0,0,0,0,0,0,0,0,0,0,0,2.9811,0,0,0,0,0,0,0,0,0,0,0,6.8192,0,0,0,0,0,0,0,0,0,0,0,3.2869,0,0,6.8486,0,0,0,0,0,0,0,0,0,0,0,0,4.5169,0,0,0,1.0362,0.8295,0,0,0,0,0,0,0,0.7184,0,1.046
"SBS84",0,0,0,22.4814,26.3853,0,38.4396,2.3663,18.7706,52.8769,20.3701,29.1809,48.475,23.1833,0,0,0,0,0,0,0,0,0,0,0,28.7673,0,0,0,47.0333,0,0,1.5544,9.9355,0,0,0,39.9155,39.0491,0,0,9.9842,22.9891,0,0,0,0,0,0,0,0,36.5908,0,0,0,0,0,0,12.1218,0,0,22.5073,20.075,0,26.8279,0.9806,0,27.508,0,0,0,0,0,0,0,0,0,0,0,0,0,0,0,0,12.852,0,0,0,0,0,0,0,25.7531,0,0,0,19.6946,0.3195,0,16.8476
"SBS85",0,0,0,0,0,0,0,0,9.6945,0,0,0,0,0,0,33.9777,0,0,0,0,22.7868,0,0,0,0,0,0,0,0,0,0,15.3833,0,22.8339,0,49.2605,0,0,0,0,0,0,0,4.9533,0,0,0,47.2826,18.7984,0,1.082,0,0,0,0,0,0,16.7198,0,0,45.4958,0,0,0,0,0,0,0,0,19.2051,0,0,0,0,0,0,0,6.0553,0,39.4954,0,0,0,14.0742,0,0.9987,0,0,0,0,0,30.6745,0,0,0,0,0,0,0,23.2913
