"","S0","S1","S2","S3","S4","S5","S6","S7","S8","S9","S10","S11","S12","S13","S14","S15","S16","S17","S18","S19","S20","S21","S22","S23","S24","S25","S26","S27","S28","S29","S30","S31","S32","S33","S34","S35","S36","S37","S38","S39","S40","S41","S42","S43","S44","S45","S46","S47","S48","S49","S50","S51","S52","S53","S54","S55","S56","S57","S58","S59","S60","S61","S62","S63","S64","S65","S66","S67","S68","S69","S70","S71","S72","S73","S74","S75","S76","S77","S78","S79","S80","S81","S82","S83","S84","S85","S86","S87","S88","S89","S90","S91","S92","S93","S94","S95","S96","S97","S98","S99"
"SBS1",111.5076,98.3916,377.4134,158.0408,246.9221,66.8604,118.518,136.933,95.0977,144.998,115.7109,121.9438,265.6728,249.007,0,213.4806,166.736,423.4444,111.544,142.7842,164.94,125.4761,83.5376,20.9073,11.3613,180.765,127.5001,226.3302,227.7893,238.7319,136.4537,188.2059,101.8762,289.4809,240.7344,300.3066,116.9764,241.5075,259.9318,99.3075,113.036,233.2302,37.0097,181.5038,73.2107,45.6436,431.8839,101.1068,22.9698,189.6519,193.9966,245.5126,111.8885,8.266,172.5837,0,197.8804,315.7377,89.481,37.7312,228.6665,261.588,89.0994,0,183.5792,180.9937,53.1045,245.4451,164.5053,439.3463,292.115,210.228,232.5228,157.1163,78.0615,214.2361,110.7739,60.6183,332.3039,180.4679,15.5341,136.5066,29.9004,310.4865,206.2809,92.4834,181.5907,168.9974,257.2213,9.7718,339.9673,143.6371,254.639,32.1904,111.5498,187.9773,51.5759,114.7698,336.7705,216.9694
"SBS2",0,109.4718,188.9805,437.7681,106.6503,358.6537,85.3033,61.5944,525.1358,91.4847,660.3399,372.9384,301.9614,105.0933,15.4951,72.4575,149.3449,104.5786,4.2011,534.0672,465.4565,83.7489,181.9571,33.5803,38.7285,0,0,158.1169,152.0893,72.6543,0,172.1009,179.4847,76.8369,109.8113,101.0881,90.6399,110.1583,288.5275,92.6146,37.2162,135.2014,35.3028,359.0245,36.6292,164.5994,170.6896,159.9678,19.1449,160.7798,128.681,85.3554,410.8569,51.4391,0,18.2233,110.2295,124.9492,310.7465,630.3265,84.0662,104.0952,536.0745,36.8227,113.1876,375.8778,149.9434,83.1466,0,156.9119,81.0757,89.8533,63.9085,288.9725,542.9212,261.9868,134.0633,473.5814,127.7333,570.0419,164.9131,144.9693,26.1569,358.9353,149.5945,260.3868,230.4214,70.0827,139.1425,16.3781,385.1179,266.5631,512.7251,122.1568,580.1252,196.3894,294.2782,112.5846,58.6899,106.473
"SBS3",0,0,0,0,0,106.9555,0,0,0,0,0,69.614,0,0,0,0,0,0,0,0,167.0525,0,0,0,146.5606,0,53.9306,0,79.9744,0,5.6112,0,0,0,0,0,0,0,0,0.6169,0,0,151.4514,0,0,0,0,216.7696,0,0,0,0,0,0,0,0,76.4114,0,324.8771,109.02,0,0,0,0,0,0,0,0,0,0,0,0,0,0,0,0,0,0,0,0,0,0,0,0,0,0,0,0,61.6068,0,0,0,0,661.2909,0,0,0,0,0,0
"SBS4",0,0,0,0,0,0,0,390.5577,27.4932,0,0,0,0,0,729.2798,0,33.3306,20.5024,0,21.7811,19.145,54.465,123.307,151.3378,654.0099,0,0,0,0,0,0,0,16.5058,0,0,0,0,0,0,0,809.5257,0,416.5585,0,373.5622,0,0,4.0044,0,0,112.9725,0,0,774.8532,20.6439,593.9789,65.8016,0,0,0,0,0,0,655.8201,0,0,0,0,0,0,43.0115,0,65.9863,43.0976,0,0,0,0,0,0,0,0,267.3857,0,50.204,0,0,38.2741,64.9933,610.274,0,0,0,0,0,0,0,0,0,5.7077
"SBS5",15.4293,228.6221,762.4741,0,595.0127,391.7052,461.0326,823.8157,310.5517,796.7655,48.3835,0,347.2699,706.1416,373.4572,808.4413,523.8588,158.6272,0,268.842,0,790.2403,109.2805,823.6564,282.0966,0,0,474.846,0,612.6981,294.7248,822.6026,0,0,282.7413,152.5541,450.9853,269.8797,0,0,635.0965,146.8037,564.913,0,634.2757,228.693,662.2069,167.5275,57.5692,452.6593,392.0438,245.6945,18.2258,193.0437,73.9501,305.8355,0,504.5593,34.936,0,641.8544,82.9097,452.7472,690.6408,0,0,0,404.4054,0,313.9278,372.0634,334.9197,185.8541,0,420.1756,539.7649,463.4038,0,711.9362,0,209.9525,355.6082,193.787,66.525,408.1706,518.5524,458.2445,683.1175,354.0218,236.8076,497.1117,492.8872,0,133.6776,335.2313,418.0025,58.6452,279.5411,170.3463,374.5904
"SBS6",59.954,50.7223,60.0937,0,0,0,0,11.7869,0,0,0,13.1461,0,1.5906,13.9183,23.4306,0,0,0,0,0,41.6417,0,43.0552,24.7289,0,0,48.6941,0,15.5267,0,23.8915,0,0,0,0,0,0,0,106.177,0,79.9325,47.6351,0,0,0,0,0,0,0,0,0,0,0,63.4,3.1708,0,26.8649,47.4036,16.1856,0,33.5412,0,0,0,35.2869,39.1493,46.9427,4.2126,36.8944,0,33.7586,0,54.9929,0,24.2317,0,9.1311,32.1539,0,0,0,0,0,1.4013,0,0,3.6303,0,0,0,0,0,0,0,31.2845,0,0,0,0
"SBS7a",28.1598,71.0302,0,0,16.1911,0,42.4214,0,3.6949,12.4063,0,0,0,8.7571,0,0,0,0,24.9167,12.3221,0,0,29.1295,0,2.9611,0,0,6.7348,0,4.2396,21.071,49.1866,0,10.3157,12.4756,0,20.8026,0,0,0,0,33.0689,0,0,0,33.0083,0,0,0,11.997,0,0,57.217,17.6141,0,0,0,0,0,0,0.3977,9.6885,0,0,0,42.7247,0,50.7741,0,0,0.66,0,0,0,0,0,0,0,0,0,61.9374,0,2.6696,0,0,0,0,0,6.0974,0,0,0,0,0,0,5.3532,0,0,0,12.3153
"SBS7b",0,0,0,0,0,0,0,29.897,0,0,0,0,0,0,0,0,52.3833,0.9291,0,40.6244,0,0,54.7652,0,0,0,19.744,0,0,0,0,0,0,0,0,38.0566,0,0,0,7.8066,0,0,0,0,0,67.9694,0,0,0,0,0,0,0,0,0,0,0,0,0.2333,0,0,24.7884,0,0,0,20.9227,0,0,22.2908,14.7885,0,0,0,0,7.296,0,0,0,0,11.6439,35.0814,0,0,0,0,0,0,29.4933,0,0,0,0,0,0,0,0,0,0,0,0
"SBS7c",0,47.1085,9.5857,7.6813,5.413,0,7.9501,0,0,15.4215,0,3.8134,15.1637,8.6845,0,27.2718,0,83.5067,45.4124,0,0.5344,16.8388,41.9552,0,6.3993,0,0,20.5791,0,0,0,0,76.0097,128.7261,109.822,23.1005,0,11.9782,0.5067,18.6244,7.539,0,0,46.7096,0,39.504,0,8.7964,37.383,0,0,0.3732,56.7079,0,1.0325,41.9408,26.6297,20.4154,0,0,4.9987,0,0,0,0.0845,0,88.4735,0,0,6.73,0,76.8683,38.4327,84.6736,0,0,0,0,40.579,99.4433,52.9571,73.3575,4.4984,0,0,52.6781,35.0273,15.0851,0,102.0881,9.1348,0,3.9005,23.763,44.858,0,0.4989,0,35.5206,28.472
"SBS7d",0,0,0.4367,0,0,0,0,0,0,0,0,4.6872,0,0,12.4092,0,0,13.2966,0,0,0,26.4984,2.8709,0,0,0,0,0,0,4.6701,0,22.8537,0,0,0,0,14.0708,3.8682,0,0,0,7.521,0,0,0,0,0,0,0,0,0,9.8167,17.079,0,0,0,12.2272,9.2122,0,0.608,14.0884,0,0,7.5569,0,0.4884,11.4824,8.4899,0,16.6064,0,20.7366,29.7644,0,0.8294,0,0.0723,5.3128,0,11.9766,12.5769,0,10.4399,0,6.5366,0,0,1.5347,0,0,14.7386,16.9586,9.575,4.2668,0,14.1961,11.4859,0.6466,2.4274,2.7371
"SBS8",113.2918,12.1518,0,1.1564,0,111.1577,0,0,0,22.0563,14.9732,84.4465,18.6199,0,27.6574,75.2938,88.7005,0,49.3621,24.3996,17.905,17.3561,0,122.3173,3.1054,0,16.0682,0,37.586,0,48.4965,46.2123,79.7531,0,0,0,40.2305,0,19.4182,0,0,73.8405,79.2466,0,23.256,0,28.6809,0,114.133,5.0885,0,84.007,41.675,0,0,47.2008,76.8302,0,0,7.9161,20.8947,123.2294,0,35.7219,68.6006,0,38.7064,0,0,0,25.7591,0,33.8772,0,0,0,0,0,0,0,136.9324,34.5137,2.8698,0,0,0,0,35.3539,36.2107,0,0,47.7568,85.6524,0,0,84.6673,56.742,0,0,0
"SBS9",0,0,0,0,37.9494,19.5918,0,0,0,87.5211,0,38.7172,15.8002,68.2644,0,41.1444,0,0,83.6264,64.1995,0,0,3.4369,8.2168,0,0,0,0,18.5571,12.8056,79.2422,19.0828,171.7818,32.0289,0,0,0,12.8076,0,0,0,28.055,17.9879,0,0,0,88.5885,0,0,2.0089,3.2239,11.8122,134.7164,112.0855,0,0,0,0,0,38.9943,0,0,0,0,26.8956,0,22.3809,0,0,0,41.4963,0,129.792,0,11.5135,0,0,0,0,0,132.9496,50.7693,0,0,27.4823,0,0,0,18.9518,0,32.5915,0,92.3111,15.9884,0,0,5.9593,0,56.3479,0
"SBS10a",0,70.8692,0,0,24.858,0,46.5673,0,0,16.812,0,85.5026,0,0,3.9463,0,0,17.9196,6.943,40.3726,4.4316,33.2413,0,82.3932,1.1517,24.0733,22.2553,0,96.7892,7.8082,0,49.8703,0,0,0,70.2148,16.6869,0,0,0,0,0,0,14.6413,0,25.1456,64.612,11.3077,69.3637,35.8681,35.6743,0,57.801,112.372,51.5776,0,111.3593,0,0,0,0,0,0,26.7939,16.0817,0,30.1781,28.4252,0,0,16.3637,0,0,0,0,0,0,0,0,0,0,0,0,0,0,0,12.4197,45.6323,0,0,11.2787,11.2585,0.2891,72.9939,0,2.9443,0,53.3135,20.3226,11.4932
"SBS10b",35.031,2.432,0,0,9.2476,0,13.0414,0,23.509,0,1.9802,0,0,0,0,24.8373,4.5867,10.5343,11.238,1.1783,24.4555,0,18.7395,15.4166,0.5179,0,0.0127,36.8718,0,0,8.5069,14.4036,5.6905,0,0,7.9716,4.1589,0,26.1416,14.7007,3.4673,26.8395,19.1653,10.4969,0,0,7.5421,14.0122,0,15.8072,0,18.2666,5.4044,0,0,3.3886,0,10.6933,0,0,11.449,2.4059,5.6555,0,0,0,0,0,23.4641,0,13.6502,10.5449,6.7939,2.3565,22.622,0,0,21.5894,18.5697,28.6174,0.7324,0,0,0,0,1.3598,6.5146,1.4168,4.5885,8.7918,16.3981,21.7876,4.3392,0,17.7086,5.1928,65.0463,12.4662,0,2.0206
"SBS11",0,0,0,0,0,0,0,0,0,1.1299,0,0,0,0,0,0,0,0,0,0,0,0,0,0,0,0,0,0,0,0,0,0,0,0,0,0,0,0,0,3.1459,0,36.7297,0,0,0,0,0,0,0,0,0,0,0,0,0,0,0,0,0,0,0,0,0,0,0,0,0,0,0,0,0,0,0,0,0,0,0,28.9477,0,49.5478,4.1883,0,0,0,0,13.6414,0,0,0,0,2.9497,0,0,0,0,0,0,0,0,0
"SBS12",68.0124,17.4671,0,29.4657,0,17.2178,0,29.9351,0,38.4497,12.0953,50.4838,0,61.5542,1.7862,0,0,0,96.1998,36.7258,0,16.6859,0,0,0,0,0,42.3119,99.5341,91.746,0,49.9445,17.5658,0,24.7157,34.183,0,113.7628,0,76.2806,0,91.6811,59.9141,9.9038,83.4642,5.7563,12.1584,0,8.443,82.9657,5.5272,0,37.6758,102.8072,14.7426,0,76.9433,0,26.812,108.8104,10.8753,0,55.0614,20.6257,103.8474,108.535,0,0,27.8085,0,0,0,68.254,0,0,0,53.8084,53.9346,7.6652,0,0,0,87.4057,107.9499,151.9004,43.1952,0,0,105.9818,0,90.9738,0,75.4675,75.9524,0,7.1416,34.0522,0,0,103.1808
"SBS13",0,113.4535,67.8412,232.9297,101.3121,191.0152,82.8053,59.1361,621.871,95.3503,726.0872,295.8642,271.9132,55.6846,48.767,53.6838,120.1462,10.2675,54.8643,613.4799,197.9673,119.3097,251.1838,61.2254,57.7465,19.9894,12.5576,104.0389,190.4906,32.5739,19.7757,217.9355,337.4075,178.0503,56.896,36.8424,95.752,118.5114,230.5282,121.5511,88.4791,43.4381,81.2635,234.4659,70.5415,210.4948,69.5374,101.5788,65.5406,189.8941,201.4942,58.9737,390.8572,84.3698,0,49.7733,66.752,49.8176,410.6662,712.7788,141.9445,74.8901,416.7301,97.1716,203.5284,271.3993,236.626,39.4784,16.1792,65.4564,77.1043,106.9171,85.9903,203.2791,377.3015,303.6,75.7287,675.9432,21.818,485.813,276.3586,259.8128,91.7891,112.4137,66.933,374.9602,272.3226,1.0414,189.7733,50.3591,108.7092,314.2031,185.9506,205.2684,383.0215,187.7422,257.4072,67.4004,55.0934,144.1863
"SBS14",0,0,0,0,0,0,0,18.2507,0,0,0,0,0,0,0,0,0,36.6174,0,6.5205,0,0,0,0,11.7659,0.6437,0,0,0,0,0,0,0,2.2836,7.2429,0,0,0,0,0,3.4165,0,0,0,0,16.1461,5.8948,0,0,0,0,0,0,0,0,3.7816,0,0,0,0,0,0,0,36.6781,0,0,0,0,0,5.7168,0,0,0,0,0,0,0,0,0,0,0,0,0,0,0,0,0,0,0,0,20.7652,0,7.7488,0,0,0,0,0,0,0
"SBS15",0,0,0,0,0,0,0,0,0,0,0,6.9032,0,0,0,0.4662,0,0,0,0,36.5713,0,0,0,0,0,0,0,0,0,0,0,0,0,0,0,35.7373,0,0,0,0,0,0,0,0,0,0,11.2618,0,0,0,0,0.1753,0,2.6713,0,56.2819,0,0,5.7424,0,10.501,0,0,24.9454,0,0,0,0,64.9713,0,0,0,0,0,0,16.8929,17.4488,0,0,9.3527,0,0,0,0,0,0,0,0,0,0,0,0,8.7363,0,39.0012,19.1047,0,0,0
"SBS16",0,0,90.2053,103.1961,0,0,90.8705,0.8269,0,154.0036,21.0596,76.2317,31.5962,4.2142,56.3661,82.2377,0,89.9413,249.3837,36.3426,19.2067,60.8877,20.3778,0,68.3911,72.5905,110.7335,80.6236,84.1764,0,33.6273,0,132.7587,87.1874,77.4587,81.6773,67.7654,75.2677,57.8932,192.9352,36.5992,43.2322,68.2081,114.7739,61.6267,158.5113,155.3302,79.8549,188.6448,36.2386,107.9284,5.7249,134.2544,59.4875,45.0318,48.1741,89.8171,11.5761,46.4321,91.4754,0,78.5577,48.1899,57.1264,59.1079,88.9348,68.7687,30.4944,111.8813,51.8335,0,103.4421,202.0357,83.5601,150.1996,48.3493,14.6901,116.4612,148.0956,27.1682,121.0213,154.1524,157.8157,171.8698,62.5618,139.7262,97.0916,54.4219,75.7878,200.3491,0,128.1663,23.6676,40.8566,121.8553,28.161,52.2878,79.9125,133.1733,111.5675
"SBS17a",12.8724,0,2.9613,0,14.6503,7.8534,0,15.3021,15.8301,11.68,0,0,5.2323,0,0,0,0,0,0,0,0,0,0,0,5.1511,1.0604,10.026,12.4326,1.1791,0,0.919,15.0372,0,3.0466,0,0,0,0,0,0,4.2249,1.8495,0,0,0,0,1.1139,6.4019,8.8516,0,0,16.5661,0,0,23.8228,15.1718,0,4.9075,1.5461,0,3.4373,0,0,0,0.7321,0,26.9016,14.6732,0,0,23.6761,0,9.6104,0,0,0,0,0,0,0,0,0,0,0,0,0,0,0,2.0099,0,0,3.6162,2.0455,6.0516,0,0,0,0,0,0
"SBS17b",66.5843,8.4645,0,0,0,13.2112,2.5657,0,7.4544,0,3.03,15.4633,0,14.6288,0,0,4.7113,0,0,10.296,6.0862,12.7797,14.6494,0,6.2273,31.0363,3.7224,9.9723,1.4333,20.6793,32.8803,4.2958,0.1652,3.7504,2.3787,2.4996,0,0,0,10.557,7.2737,10.3602,4.0811,3.7504,0,25.3553,7.8761,0,11.0149,16.4769,8.3098,2.9119,0,2.4376,53.3243,0,12.7141,1.5367,3.5932,0.9436,12.4316,7.1402,0,0,1.7773,0,3.9741,8.0727,21.0887,1.6685,1.0972,0,3.1098,0,0,0,0.3627,0,0,1.9458,0,0,0,0,12.4273,0,0,0,19.7883,0,0,1.1611,0,0,0,0,13.5063,7.853,12.4335,1.7982
"SBS18",183.9936,0,0,0,469.1677,0,592.277,0,0,190.8556,0,0,257.1522,376.2702,0,239.2165,0,274.1461,41.3813,0,0,187.5708,0,0,2.7077,81.4929,0,309.9983,214.5531,377.8045,123.2522,0,18.9752,5.679,343.62,396.8856,386.4027,463.9014,0,0,0,148.3994,0,0,0,0,0,0,76.5824,273.8171,313.3508,16.2042,79.406,0,298.3304,11.517,0,0,0,0,322.5326,0,0,0,0,63.3396,67.3229,422.81,49.4972,0,33.6961,363.2231,0,59.0131,0,249.7419,497.4168,0,376.7604,0,0,73.6727,67.6598,0,363.5549,0,282.1631,108.9554,171.7507,0,0,63.9709,0,0,0,211.1823,11.7287,485.1751,40.9086,290.9862
"SBS19",6.498,0.6288,0,0,13.5334,0,0,0,1.1793,0,4.2373,34.0248,0,49.827,0,0,19.5875,0,12.8738,0,0.1494,0,55.8644,0,5.9776,0.9076,0,0,9.8935,0,12.739,30.8877,12.3476,0,0,0,0,14.9258,0,0,56.1198,0,3.4456,24.6562,0,32.5711,0,2.4292,0,0,1.7499,0,0,0,10.4724,0,0,14.7268,2.9584,17.93,0,0,12.0473,15.5539,0,0,10.7608,9.4241,53.8223,13.915,8.1816,25.099,24.3562,0,0,0,0,0.4557,2.8692,0,0,0,22.2767,68.1538,30.9068,0,0,3.929,10.9222,0,11.7422,7.8262,14.5284,23.1495,0,0,7.7965,0,31.075,17.2841
"SBS20",0,0,0,0,0,0,0,0,0,0,0,0,0,0,0,0,0,0,0,0,0,0,0,0,0,0,0,0,0,0,0,0,0,0,8.377,0,0,0,0,0,11.5359,6.159,0,0,0,0,16.1523,0,0,0,15.276,0,3.1258,16.6579,0,59.3985,0,0,1.2855,0,0,0,0,0,0,46.7884,0,0,0,0,0,31.1721,0,0,0,0,23.8911,0,0,4.1063,10.879,0,0,10.4563,0,0,0,0,0,0,0,0,0,0,1.9493,4.3882,3.8121,0,0,2.1472
"SBS21",1.8349,0,0,19.2879,7.4178,0,0,0,0,0,8.8943,0,0,23.2989,0,0,0,19.401,0,0,0,0,0,17.259,0,10.6147,16.2612,4.4653,0,0,0,0,2.9989,6.7141,5.2435,38.466,0.0368,0,26.6458,0,10.4807,0,0,36.917,15.0487,0,0,0,0,6.3843,0,0,0,0,0,0,0,0,7.2463,0,0,0,2.6196,0,0,0,0,14.9699,51.0996,25.7965,5.2582,15.6029,0,0,0,0,0,0,5.1317,12.7733,0,5.2171,0,15.5588,0,0.1637,0,15.0957,0,0,2.6145,0,8.0554,0,10.6752,28.5741,0,42.3269,1.9134,0
"SBS22",0,0,0,37.0056,0,0,6.625,8.8435,30.5154,0,19.0758,0,25.1152,21.1376,3.6631,0,21.6704,42.6201,0,0,0,30.7208,40.9132,21.7483,14.5723,0,0,0,12.544,11.2231,6.4255,0,0,66.6045,43.2925,0,0,13.3213,0,0,0,0,21.381,63.9365,3.1007,0,0,0,116.6602,0,19.2777,0,0,0,24.5958,78.437,0,0,0,22.1062,0,17.4299,38.7981,9.8543,0,18.1471,48.2164,0,0,8.2544,0,64.1611,11.2732,96.5151,0,41.0994,0,0,0,61.1175,0,0,92.4157,0,17.7486,0,0,0,0,113.0021,0.8005,11.9018,0,0,0,0,64.3214,0,0,0
"SBS23",0,0,0.5116,0,0,0,0,0,0,0,0,0,0,0,0,0,0,0,0,0,0,0,0,0,0,0,0,0,0,0,0,0,0,0,0,3.6401,0,0,14.3804,0,0,0,0,0,0,0,0,0,10.1461,0,0,0,16.2818,0,0,0,0,0,17.4816,0,0,0,0,0,14.6401,0,0,0,10.7901,0,0,31.4128,0,0,0,0,0,23.3601,0,0,0,23.2268,0,0,0,0,0,23.1076,0,0,28.0922,0,0,0,11.9364,0,0,34.1517,0,0
"SBS24",0,49.0094,0,41.1893,32.1837,0,58.6305,2.3956,0,0,0,0,0,0,51.0985,0,27.343,0,0,0,0,22.4894,0,27.6276,0,0,93.7748,0,0,0,0,47.5026,0,0.5252,0,42.3908,0,0,0,29.9429,0,0,5.395,0,0,0,0,16.5776,99.9199,8.3789,0,0,0,20.591,19.2658,0,0,0,0,0,0,0,0,0,0,28.7516,0,0,14.3568,13.1231,0,0,0,13.8427,0,0,34.8177,0,0,0,7.115,0,0,0,0,0,0,22.5887,0,13.1477,0,0,0,47.9979,0,0,0,0,0,0
"SBS25",0,0,0,0,0,0,0,0,0,0,7.4122,0,0,40.293,0,0.3047,0,0,0,0,0,0,32.1083,0,48.785,0,0,0,0,21.2503,43.5451,0,0,0,0,10.0084,0,1.6968,0,0,0,0,0,0,65.6741,0,0.5013,0,0,0,0,0,0,0,49.7334,7.2309,0,0,0,0,36.1845,11.1535,26.0661,0,0,0,0,0,0,0,0,12.661,0,30.4636,0,0,0,0,0,0,0,0,3.2932,0,0,0,0,0,6.0747,0,11.265,0,0,0,0,0,0,0,0,16.6526
"SBS26",0,0,0,23.3817,0,0,0,0,0,0,0,0,0,0,0,0,0,10.5659,0,0,6.8313,0,0,0,0,50.9423,0,0,0,0,0,0,0,0,0,0,0,0,0,0,0,0,0,0,0,0,0,0,0,0,4.3045,0,0,0,0,0,0,0,0,0,0,71.0502,0,0,0,0,0,0,0,0,0,0,0,0,0,0,0,0,0,0,0,0,0,26.1838,0,0,0,0,0,0,0,0,0,0,0,0,0,0,0,17.7654
"SBS27",0,0,0,0,7.5472,0.9344,0.4048,0,0,0,0,0,0,2.607,0,3.0271,0,34.8758,0,0,0,0,5.3247,0,0.0218,0,9.2679,0,0,0,19.8736,0,0,28.516,39.649,0,0,10.2841,0,0,18.5127,3.1765,0,19.6759,0,0,0,0,1.3073,2.6725,0,2.3636,0,0.7086,0,33.5313,0,0,0,10.5512,0,6.3159,0,7.782,0,0,42.7887,0,0,8.0937,0,52.0514,0,0,0,0,0,0,0,3.4574,0.4335,0,0,0,0,0,0,0,2.2386,21.8312,6.115,0,1.3794,25.9556,1.2509,0,0,0.3081,0.0518,14.0293
"SBS28",10.8427,11.5428,41.86,0,0,1.4973,26.3748,0,1.9509,58.8977,0,9.5976,0,14.4993,0,0,32.4929,0,15.8556,2.572,3.2184,0,14.4815,1.2408,4.3561,1.4423,0,0,0,2.7289,0,0,29.832,22.0571,0,0,46.3347,0,12.3951,0,2.5744,0,0,0,9.58,47.6109,29.8043,40.4149,0,0,0,0,47.2972,0,2.4673,0,24.0347,11.2085,0.3733,0,0,24.4271,0,0,37.394,1.4855,9.2332,0,0,0.7031,0,0,8.1248,0,2.4903,0.6744,0.202,39.7688,42.5363,0,23.9327,32.6677,2.2736,4.201,6.8412,36.9277,21.5122,0,0,18.2352,0,0,10.1289,0,15.3555,0,0,6.9647,17.7253,0
"SBS29",34.1946,43.1518,0,0,0,0,0,85.5092,0,0,0,24.7979,0,66.9693,0,0,0,0,0,0,62.0927,0,0,128.0817,0,0,0,7.8304,42.6626,0,51.6042,0,45.5957,0,0,0,0,65.5986,14.8609,18.4564,0,0,0,0,17.9909,0,12.1596,1.4941,0,0,3.9302,0,0,0,0,11.0943,0,52.1811,99.9326,34.7117,0,0,31.0158,0,0,0,0,0,0,94.601,19.0214,59.9897,0,0,93.4774,61.5309,55.4486,0,3.3104,0,0,17.5741,0,41.4551,0,0,0,0,55.7162,0,43.36,106.8796,0,0,0,101.411,11.6136,0.9009,18.7605,121.1682
"SBS30",30.7202,0,1.5095,73.7451,69.2297,27.4507,8.7227,0,46.6842,71.0172,0,0,74.9363,42.0921,68.9158,17.9718,0,99.6689,78.0349,0,26.5705,0,111.5987,63.3038,29.0461,62.9293,20.0292,3.3746,61.157,63.6056,41.2346,0,86.0874,78.3797,71.657,47.9405,1.4272,76.9621,28.3346,37.7339,1.7083,0,96.335,34.6849,98.9516,0,0,0,86.0231,33.3353,90.0009,0,0,0,27.4481,44.4988,101.6602,45.3678,0,34.4428,4.0558,78.6559,11.0755,24.7103,36.4753,57.9212,83.7288,17.5918,23.8803,74.6899,69.1029,40.9226,51.1259,75.4971,45.0441,59.2562,0.2718,0,0,0,58.8425,18.824,67.9531,92.7953,27.2618,0,15.6403,1.132,52.9657,50.0591,0,72.8099,0,62.7792,0,40.2317,0,57.436,50.5858,50.0109
"SBS31",53.3418,16.0452,0,24.0513,0,0,0,3.0949,0,0,0,0,0,0,0,0,0,21.6474,0,0,62.7922,0,0,0,0,0,0,0,0,28.2426,0,0,0,0,0,0,0,22.5231,0,122.3196,0,0,20.1545,0,25.07,0,0,11.7864,32.7869,45.9491,0,0,0,34.461,0.978,0,0,0,28.1407,0,0,0,0,45.2068,0,0,49.8822,0,6.559,0,0,0,0,0,0,0,0,0,0,0,0,17.7816,0,0,0,0,0,6.3425,17.5317,0,0,17.9249,0,0,5.4046,27.6962,0,0,0,68.4437
"SBS32",16.5992,9.5858,0,57.3734,0,47.9006,0,15.9878,28.1703,0,19.4501,49.3036,0,0,0,0,0,0,46.8125,0,46.0374,46.3533,5.2465,0,56.1431,52.2308,8.7194,0,0,0,100.7083,49.0694,3.2503,54.3055,0,0,0,24.538,20.7002,40.6145,0,21.1086,0,40.9023,0,0,0,46.9975,18.7751,43.7906,0,59.0832,0,36.1281,25.3124,74.8888,0,0,2.0099,0,18.584,53.244,69.7444,47.3441,70.3811,0,0,2.5861,0,0,0,8.5806,0,34.9779,0,23.7775,28.4973,0,0,0,69.6239,0,58.9789,95.1457,38.591,5.6878,20.8289,81.0578,41.8824,11.3193,0,1.3446,9.4521,30.1361,0,21.005,100.5154,6.4477,0,33.6867
"SBS33",14.6013,0,0,5.8147,0,6.1973,8.1053,15.7654,0,8.8671,0,0,0,9.6829,14.5447,0,12.791,0,0,1.6839,0,4.1549,0,13.4621,17.7913,0,4.7406,5.3458,0,0,6.9366,0,0,0,0,0,17.7317,0,0,0.624,10.7745,3.0247,23.3511,367.3038,6.0407,1.757,0,6.0539,5.3595,0,2.7549,7.888,0,12.3244,4.3655,0,0,0,5.8058,0,0,10.172,0,0,0,407.1693,0,0,0,0,0,0,0.5416,0,0,0.4201,0,3.5187,0,0,0,0,8.9798,0,4.4607,0,0,16.8083,0,0,3.2237,14.5201,10.7429,0,0,6.0072,1.3957,19.8245,0,0
"SBS34",0,0,0,0,0,4.5823,0,0,0,0,0,0,1.9091,0,0,9.5095,0,46.0611,0,10.4991,0.4835,0,0,0,0,20.4579,13.7395,0,0,14.1106,0,35.3705,0,37.4158,25.1051,4.3351,0,0,0,29.7917,4.0192,19.7141,0,29.8958,9.8583,37.3326,0,0,5.1433,8.0757,2.1719,0,27.3627,24.5367,27.7566,22.2263,15.4253,0,0,0,0,14.5106,0,1.0635,0,4.5053,32.2442,19.7417,0,0,0,31.5906,0,44.6973,0,9.8171,8.889,0,17.7524,28.387,0,0,0,3.3784,0,0,0,5.2346,0,37.0344,30.6339,7.7911,0,0,0,0,0,0,0,7.3271
"SBS35",0,0,0,0,0,0,0,0,0,0,64.5478,0,0,0,8.2535,7.2065,8.1105,0,0,0,0,0,0,6.5861,17.0692,0,0,24.7816,0,0,0,0,0,0,0,0,0,0,25.1065,36.1239,0,0,0,17.7642,11.8969,0,0,10.742,6.6271,20.9263,0,0,0,0,0,72.0595,0,0,6.9014,13.6772,0,0,65.043,0,40.2985,0,0,0,32.5099,23.1706,0,0,0,0,0,0,20.0318,0,0,0,5.9802,0,0,0,0,0,0,0,0,0,0,0.2444,0,25.3512,0,0,0,0,0,0
"SBS36",0,0,0,32.3471,0,37.3021,0,36.383,0,0,0,0,0,0,190.1355,47.758,43.0734,74.1078,0,0,39.0572,2.2485,31.0452,0,37.4929,79.3362,121.144,0,21.8965,119.651,0,0,0,0,0,63.8172,73.5134,0,0,0,0,169.0523,0,5.6493,0,0,0,0,0,0,0,0,0,0,43.0221,0,0,0,50.5376,0,0,68.5491,0,0,0,0,0,0,162.2148,81.8716,0,0,0,2.472,0,0,36.2,0,0,0,0,0,0,0,0,0,0,0,0,34.3966,0,41.8809,0,0,0,0,0,0,0,0
"SBS37",106.8658,0,0,0,0,0,53.1457,0,0,16.5417,0,33.9502,3.86,0.3398,0,0,38.6056,0,29.6369,38.421,15.9288,0,77.0858,0,31.3662,69.4196,10.6608,26.0611,0,0,13.724,0,11.9219,0,0,0,0,17.9263,26.5273,62.2086,0.3452,0,77.0844,0,0,0,10.7796,0,0,26.9146,0,0,0,0,12.8937,0,0,15.3026,0,22.6,0,48.6348,0,0,37.0468,1.8851,0,0,0,0,0,0,0,0,0,0,2.8814,0,0,0,0,18.429,10.802,0,24.3161,0,0,32.713,0,0,0,0,48.3969,0,0,0,57.8887,0,26.5451,22.4626
"SBS38",0.9778,0,0,0,0,0,0,0,0,3.8991,0,0,0,0,0,7.4772,0,0,3.2344,0,1.3441,0,0,0,0,0,0,0,0,0,0,0,0,0,0,0,0,0,0,0,0,0,0,0,0,0,3.6043,21.4014,0,9.1823,0,6.0621,5.3023,0,0,0,0,0,0,0,8.0257,0,1.5851,0,0,0,0,0,0,0,0,0,0,0,0,5.8869,0,0,0,0,0,0,0,0,23.5182,0,0,0,0,0,0,0,0,15.7539,0,20.4036,0,0,0,31.3511
"SBS39",72.2864,56.9434,15.243,64.1677,12.7682,124.7515,7.8384,109.1001,165.0471,12.5703,137.7113,84.579,74.7364,0,104.3681,49.5721,190.7761,182.1926,82.1719,0,12.574,70.6444,248.6687,40.0447,297.7964,346.2329,85.0613,327.1902,53.6285,94.6877,173.5812,12.3177,150.0438,193.3222,165.8387,43.5516,308.7121,38.0562,148.0666,386.0311,6.3587,115.1004,115.4343,0,86.5937,41.9752,0.5982,137.4563,176.0356,50.1454,101.291,96.1578,0,86.0069,100.4581,146.171,78.7233,168.6135,418.8464,11.9448,218.3958,102.4951,46.2793,41.5204,313.3688,39.6013,136.5792,352.329,448.6236,95.378,103.5679,63.4989,226.293,112.2183,37.531,100.6377,336.2946,267.5806,28.3695,104.5732,185.0254,159.0952,118.198,402.8435,60.0191,403.1201,234.8284,181.9997,72.951,77.4948,110.1489,0,138.3745,108.6125,0,86.4834,27.8784,385.0058,228.6421,103.4064
"SBS40",680.3807,814.1463,0,569.4358,0,191.4083,0,0,0,0,0,265.9267,0,0,0,0,290.5484,0,738.9708,0,317.5716,0,306.5861,0,0,756.2696,1028.4002,0,138.3778,0,406.8841,0,259.9125,371.8075,0,83.294,0,0,428.6558,392.3724,41.9625,0,0,0,0,572.6939,0,614.5465,130.9838,86.053,0,689.2252,238.9576,0,665.2202,0,572.6437,352.8641,0,0,0,449.8346,0,0,509.4172,0,331.9036,0,721.1711,0,564.4153,0,432.3117,393.5699,0,0,0,0,0,0,196.8183,268.9967,630.2062,0,55.7863,0,0,113.1586,92.0009,0,0,0,318.7159,0,0,0,603.354,0,463.9637,0
"SBS41",131.2599,0,0,0,0,0,0,0,0,15.2372,0,122.1279,0,15.6357,0,7.4125,0,68.1338,115.3592,0,17.6328,0,0,0,0,0,0,51.0847,0,0,12.6536,0,0,13.404,166.9595,0,0,6.2059,43.8796,0,0,6.439,19.4489,125.1848,0,0,0,0,222.7359,129.525,0,0,0,0,26.2614,110.1315,0,0,0,42.853,0,0,0,0,145.9629,0,165.1628,0,0,0,0,60.7636,13.482,127.1504,0,0,25.4038,0,11.7017,59.8038,0,0.272,0,0,84.657,0,0,0,76.469,135.6524,1.5225,0,55.4304,0,0,0,70.6866,0,0,14.8119
"SBS42",0,0,0,0,0,0.1311,0,0,0,0,0,0,0,0,58.9587,0,17.1938,0,0,0,0,0,0,0,0,4.0474,0.1851,0,0,0,0,0,37.3384,13.2071,0,17.3905,0,0,0,0,0,0,0,20.4529,54.6954,0,0,0,0,0,60.5469,0,0,93.8133,0,0,42.8696,0,0,0,88.7088,0,3.497,0,0,70.9079,0,0,0,0,0,0,0,0,0,0,29.3009,0,0,0,0,0,0,0,66.1373,0,0,2.062,18.1808,28.0034,3.1309,14.2908,30.1232,0,6.4935,0,0,0,3.1693,0
"SBS43",0,0,0,0,0,0,0,0,0,0,0,0,1.4768,0,0,0,0,0,0,0,0,27.0762,0,0,0,0,0,0,0,0,0,0,0,0,0,0,0,0,0,0,0,0,0,0,0,0,0,17.2805,0,0,0,0,9.4815,0,0,0,0,0,0,0,0,21.4852,0,0,0,0,0,0,0,0,0,0,0,0,0,0,5.9909,0,0,0,1.18,0,0,0,0,0,0,0.117,0,0,0,0,0,0,17.1833,0,0,0,0,17.3837
"SBS44",0,0,0,38.4275,0,0,0,0,0,0,0,62.0763,0,24.177,0,0,0,0,0,0,2.9886,0,0,0,0,0,0,0,0,21.1961,42.5553,13.2147,0,0,0,0,0,2.8531,0,0,0,0,0,0,0,0,0,13.1376,0,29.7863,6.1089,0,0,0,7.6688,0,0,0,0,0,0,72.181,11.8763,0,0,0,0,0,21.19,0,0,0,0,0,0,0,0,0,0,0,0,0,0,0,0,0,0,0,0,0,0,12.8153,0,0,0,0,0,0,0,46.7713
"SBS45",0,0,0,0,0,0,0,0,0,0,0,0,0,0,0,0,0,0,0,0,0,0,0,0,7.1467,0,0,0,0,0,0,22.8932,86.5091,31.9075,0,0,0,0,0,23.1957,0,0,0,0.3454,0,2.411,0,0,102.6464,0,0,0,0,0,0,40.4266,2.2866,0,0,0,0,21.7243,0,0,0,0,0,0,0,0,0,0,0,0,13.0161,0,0,0,0,0,6.1257,0,0,0,0,0,0,0,16.3953,40.6974,0,0,0,0,0,0,0,0,0,0
"SBS46",0,0,35.2715,0,0,0,11.6687,0,0,0,0,0,44.6228,0,0,0,0,0,0,0,23.9443,0,0,0,0,0,15.2475,0,23.8414,0,0,0,0,31.7017,0,0,12.9033,0,0,2.3247,0,9.9893,0,0,0,16.2798,60.5116,0,49.0933,0,42.4112,36.2316,0,0,0,0,10.0051,0,0,0,0,0,0,0,0,0,27.0771,0,0,65.053,0,34.253,0,9.54,0,0,6.6845,0,0,0,0,0,0,0,0,0,1.6898,0,0,77.2496,0,0,0,18.544,24.7218,19.2072,0,0,0,0
"SBS47",0,0,0,0,0,0,0,0,0,0,0,0,0,3.5796,0,0,0,91.0167,0,0,0,0,0,0,0,0,0,0,0,0,0,0,0,114.4801,119.7529,0,0,0,0,0,0,0,0,112.7382,0,0,0,0,115.5533,0,0,0,0,1.4316,0,133.613,0,0,0,0,0,0,0,0,0,0,38.3691,0,0,0,0,78.5659,0,33.0041,0,0,0,0,0,105.9892,0,0,0,0,0,0,0,0,0,106.1172,0,0,4.5537,0,0,0,0,0,0,0
"SBS48",0,0,0,0,93.0318,75.2647,0,3.7005,5.1766,0,0,0,63.0487,0,80.5277,3.1393,8.0942,0,0,0,66.308,0,0,42.2486,0,0.3555,6.0487,0,60.0136,0,45.1089,0,0,0,0,0,8.1765,69.0243,0,0,0,0.6113,0,0.5857,61.8941,0,0,5.5677,0,7.9799,7.1832,0,0.4197,2.1673,0,0,0,62.9896,7.0174,0,1.655,3.988,0,4.7712,0,0,0,62.3625,0,82.3465,74.1918,0,0.7799,0,10.3392,0.9913,6.3998,0.0237,2.0989,1.5743,0,0,0,0,8.8547,0,5.6079,0,0,0,7.874,55.6577,0,0,0,78.0057,0,0,0,0
"SBS49",0,0,0,0,0,0,0,1.7627,0,0,8.5213,0,0,0,0,0,0,9.4883,0,18.4745,0,6.8709,0,3.2158,0,0,0,0,0,0,0,10.2639,0,17.8759,7.3121,0,0,0,0,0,0,8.7492,0,0.3926,0,0,0,0,6.9259,0,1.3401,0,0,0,0,15.901,2.9822,0,3.0471,0,13.816,5.0002,0,0,0,0,0,0,0,0,0,0,8.0569,0,2.531,0,0,0,11.1449,4.305,0,15.8167,4.0678,0,0,0,0,0,0,5.71,0,0,0,0,2.7099,0,1.313,0,5.1575,0
"SBS50",0,0,0,0,0,0,0,0,0,0,0,12.8134,0,0,0,0,1.1599,0,0,12.8285,0,0,0,12.6027,10.6214,34.7102,0,0,11.8038,0,20.078,21.8572,0,0,0,0,0,0,0.8475,0,0,64.8728,23.0708,0,20.7024,23.0722,0,0,0,0,0,0,0,0,71.2032,0,0,6.9992,16.7243,3.5734,6.6219,0,3.1185,71.0884,2.4828,31.0458,0,10.7534,1.8226,0,0,0,0,0,0,0,0,0,0,0,0,13.0432,28.2873,10.7587,0,0,0,0,0,0,0,0,4.2651,0,0,0,0,3.3143,44.4042,0
"SBS51",0,17.0419,0,26.8933,0,13.3939,0,30.4275,46.366,0,14.383,0,0,0,0,0,104.8053,0,5.0449,4.0953,0,6.8551,0,0,24.5616,23.6695,0,0,6.2473,0,0,0,25.0773,0,0,42.7998,0,0,45.7859,0,27.3153,0,0,0,0,0,0,0,0,1.8961,47.5505,13.7497,0,0,9.4528,0,0,0,0.8243,0,26.586,0,0,28.5638,0,0,0,0,0,0,0,0,8.4039,0,0,32.4804,2.1761,0,0,0,0,18.0001,0,0,0.5622,0,0,32.933,0,0,0,0,14.6327,0,0,0,0,0,9.9338,0
"SBS52",0,54.6219,40.8845,7.0332,105.5106,124.7638,39.5797,18.4412,4.2947,0,0,73.2465,136.7568,0,85.8522,9.2808,0,0,0,0,140.3832,11.0357,26.3151,230.8486,0,0,4.1752,0,189.9859,6.9075,204.5264,0,6.2347,0,10.0945,89.4578,0,108.0906,57.2349,28.6284,0,20.4989,0,4.3938,103.3635,0,0,0,70.1495,0,0,53.3279,0,49.7046,0,0,91.9237,119.8225,3.2691,23.5249,0,6.2993,0,0,0,36.2272,52.8812,118.7059,2.6875,83.7781,97.4935,27.7455,9.6567,22.617,0,0,0,0,0,0,38.1556,0,0,2.4126,0,0,0,53.4942,4.656,7.1903,0,140.5206,0,66.1558,0,71.2421,0,74.8628,0,0
"SBS53",1.255,0,0,0,0,0,0,32.2581,0,27.8106,10.5912,2.2258,0,0.1852,0,10.8503,0,0,25.3289,2.5827,9.0044,16.2687,0,0,37.4398,22.7371,0,14.8359,0,18.1062,0,14.5764,0,0.9547,0,56.5382,21.1488,0,3.1904,34.5659,8.3795,0,0,3.8602,0,0,0,0,0,1.9896,0,63.0152,0,0,0,0,14.5776,0,4.5286,0,22.7051,1.8559,9.2259,0,11.5105,13.3342,0,0,0,0,9.2315,0,6.7804,0,0,14.3131,26.7142,7.4185,0,0,0,1.2242,0,14.9147,45.1479,0,14.0673,4.6652,11.8026,0,0,0,0,26.5391,0,0,3.9799,14.7395,2.945,0
"SBS54",50.6141,14.0656,0,11.2987,25.8326,19.8178,24.5348,25.487,19.1872,0,13.6994,0,22.872,0,43.0002,0,0,54.2069,0,13.6263,16.8233,0,19.6327,0,0,12.5365,18.9028,0,65.0346,54.9024,0,22.4741,0,54.246,46.2169,34.5298,0,53.3549,39.6018,14.1471,36.5841,62.797,0,52.0196,0,0.0214,0,0,25.859,0,44.0979,0,22.8882,14.7364,43.1932,12.8285,42.9454,10.2329,31.3132,1.828,11.5897,33.3332,18.1408,33.8955,1.1305,13.0072,39.5856,10.5526,20.3013,46.641,2.5062,4.9168,0,26.7542,0,3.6137,0.1606,6.06,0,25.9213,13.833,0,9.0279,57.4882,8.7283,8.9978,0,0,8.5401,13.9338,20.9683,0,8.4149,22.714,0,33.1668,25.035,19.9236,0,0
"SBS55",0,0,1.0635,0,0,0,0,0,0,0,0,0,0,0,0,0,3.4379,0,0,0,0,11.7596,2.4854,1.9861,3.809,0,0.6736,0,5.3624,2.2643,0,0,0,0,0,0,0,0.9834,0,0,0,25.3733,8.4594,0,2.4455,0,0,7.0362,0,0,0,1.4091,0,0,0,0,0,0,0,0,0,9.2108,0,0,0,6.6093,0,0,0,2.7757,0,1.8896,0,0,7.3785,0,0,0,0,0,33.7011,0,14.845,1.0587,11.7815,0,0,0,0,0,6.1303,0,0,18.4828,1.1904,0,0,0,0,0
"SBS56",84.7618,111.8718,149.8999,0,0,26.7825,92.033,0,5.5644,0,0,18.0594,17.0011,0,0,15.2334,4.4761,0,13.6998,31.8784,0,154.901,0.9216,47.1798,0,40.3414,146.9435,0,0,26.092,11.8129,31.9704,0,0,8.5081,96.6045,0,41.8223,133.6821,0,0,216.5979,0,0,46.3469,39.6024,0,0,53.1833,21.4772,0,178.7918,11.0861,93.6578,0,0,0.2079,47.1937,24.5117,0,0,36.6562,0,0.613,0,0,94.2592,0,0,0,0,0,0,0,0,0,0,0,0,0,0,0,0,0,0,0,0,104.3721,12.7595,0,62.4366,0,0,68.0629,195.9466,66.6268,0,85.6034,0,0
"SBS57",0,0,67.7992,0,0,0,27.128,0,0,1.3457,0,0,0,0,32.8184,95.2341,0,0,71.4388,0,3.8686,0,0,0,18.1614,9.6006,0,0,26.865,0,0,0,26.7013,0,0,0,53.3921,0,0,22.9708,0,0,0,0,21.1272,13.9062,21.0605,37.4123,0,0,20.4106,0,0,0,6.8402,0,20.4014,0,0,0,0,4.5109,0,16.7186,0,0,0,0,5.8963,0,0,0,0,0,68.6673,0,0,38.5246,23.9776,0,9.7125,57.0598,0,0,0,26.6429,70.2974,0,0,0,0,0,0,0,30.0615,0,0,5.4513,68.9068,5.616
"SBS58",0,0,0,0,5.592,11.0602,0,8.6953,0,0,60.9591,0,0,33.2686,0,0,23.4803,0,0,0.1404,0,0,63.2654,0,14.8987,0,0,0,0,21.1158,0,2.4059,0,0,0,34.3939,0,0,0,2.6686,0,92.5038,0,85.0063,0,32.5574,0,0,0,2.3135,0,0,0,0,10.9909,0,0,0,0,0,13.0974,0,50.2859,16.2474,0,8.7027,0,39.1339,0,105.8905,0,0,13.1272,0,48.9981,0,0,66.4849,0,133.4319,0,0,0,54.8799,0,0,2.8428,0,0,0,102.1178,0,0,56.0398,0,0,65.2063,0,0,0
"SBS59",0,0,4.3497,3.2413,0,0.9475,3.8523,2.6877,0,0,5.5479,0,0.5678,1.831,0,7.5253,0,15.8979,13.0849,0,6.336,10.1909,0,1.8255,0,5.8344,0,16.9663,0,0,0,0,0,7.3044,21.0352,41.1757,17.21,0,0,1.8601,0,0,0,0,0,9.0922,8.7157,0,0,0,35.8808,0,2.4248,0,0,12.5886,9.1524,0,0,3.601,18.8598,0,0,0,0,24.9262,2.5153,0,1.3953,12.1095,0,29.64,0,0,0,0,9.3888,0.0354,25.6074,3.8734,0,0,0,0,0,12.0189,0,9.7806,11.8675,0,0,0,0,0,7.2505,0.5592,2.0239,25.9911,0,0.1896
"SBS60",0,0,0,3.7956,9.2583,7.0775,0,0,13.1337,0,10.3433,0,0,0,0,11.5624,0,0,0,0,0,0,17.3254,0,11.0455,0,0.0175,0,0,15.565,12.815,0,0,0,0,0,1.9626,0,0,0,1.3719,0,0,0,0,0,0,2.6424,0,0,0,0.4131,0,1.1525,10.4965,17.1766,0,0,0,0,14.7794,0,6.7606,10.6749,0,0,0,0,0,0,0,0,2.85,14.8157,2.9514,12.9113,0,0,4.2634,0,0,0,5.6641,0,0,0,0,0,0,0,0,3.4884,0.9858,0,0,6.1145,9.4859,0,0,0
"SBS84",9.4902,0,0,14.2341,0,0,3.5019,0,0,0,12.1527,0,0,3.9384,0,0,0,0,0,0,0,0,0,0,0,9.0304,0.7847,3.2695,79.5915,15.7722,0,0,12.0193,41.0338,17.7665,28.3471,14.3239,23.9624,39.646,0,0,0,0,9.7183,0,0,41.8065,0,0,0,0,0,30.9114,0,0,0,0,0,0,0,0,0,30.5754,0,0,12.5413,18.8593,0,0,0,0,2.0068,0,0,0,0,0,0,0,0,0,0,0,0,0,0,0,0,0,0,0,0,26.6065,0,0,0,0,25.0245,10.575,7.9109
"SBS85",0,0,100.9095,0,0,0,89.6673,0,0,121.8083,0,0,0,0,0,56.8557,0,0,0,0,0,8.5013,0,0,0,0,0,0,6.4021,0,0,0,86.7338,0,0,0,96.9112,0,0,0,0,5.6382,0,0,0,114.9835,104.5929,148.2704,0,0,0,8.5412,48.3726,0,0,0,16.3875,0,0,0,0,0,0,0,0,0,0,0,0,3.0539,0,0,0,0,72.009,0,0,124.4827,28.5552,0,108.562,50.9058,0,0,0,77.7252,82.121,0,0,17.6822,0,0,0,0,90.3239,0,0,0,81.4849,0
